1,0,682.9121127745072,472.0,48.38075221782208,481.16724728604936,-1,-1,-1,-1
1,1,1350.702684404409,439.99999999999994,132.70800353350296,311.7836832145517,-1,-1,-1,-1
1,2,1443.9242567825613,448.0,93.57049554854189,299.93459667532613,-1,-1,-1,-1
1,3,462.63438658757053,463.9999999999999,93.98238384360258,235.98972575861637,-1,-1,-1,-1
1,4,587.6264737983929,456.0,85.95871413371333,239.3687008816005,-1,-1,-1,-1
1,5,688.9002099850684,464.0,28.731163881079055,125.84043821296768,-1,-1,-1,-1
1,6,1009.887490482864,440.00000000000006,39.944873322870535,102.50268071523732,-1,-1,-1,-1
1,7,943.2193248487285,440.0000000000001,29.125960295827667,96.94573586977845,-1,-1,-1,-1
1,8,1102.587506975176,440.0000000000001,29.477943260025086,101.93880674486127,-1,-1,-1,-1
1,9,736.2664904496722,464.00000000000006,27.544713609422047,96.13501968192139,-1,-1,-1,-1
1,10,1261.8503976184325,448.00000000000006,25.985301698056674,89.71992520697876,-1,-1,-1,-1
1,11,734.4170408235968,464.0000000000001,23.08509119549842,90.74074081235017,-1,-1,-1,-1
2,0,671.6361846994561,472.0,56.828648488067984,483.38262149712216,-1,-1,-1,-1
2,1,1359.064440111596,439.99999999999994,138.70685626310706,312.3474894291016,-1,-1,-1,-1
2,2,1453.7298820555761,448.0,88.23572660203854,289.2009676494629,-1,-1,-1,-1
2,3,499.2964327479368,463.9999999999999,44.774902458881684,239.4301424218878,-1,-1,-1,-1
2,4,587.4942469538955,456.0,88.60799574161365,235.94312935275536,-1,-1,-1,-1
2,5,682.377292189464,464.0,41.1588987009834,135.15085943955467,-1,-1,-1,-1
2,6,1012.6609605100116,440.00000000000006,36.08878119630026,103.4443634441563,-1,-1,-1,-1
2,7,944.3723271635405,440.0000000000001,27.07293766144869,96.19825329530477,-1,-1,-1,-1
2,8,1101.7596009208419,440.0000000000001,30.58348801631223,99.0672068524758,-1,-1,-1,-1
2,9,736.3584811680081,472.0,27.58566993673037,91.4867663356423,-1,-1,-1,-1
2,10,737.2618508709994,472.0,21.092682772187686,88.07038895719165,-1,-1,-1,-1
2,11,1261.8503976184325,448.00000000000006,25.985301698056674,89.71992520697876,-1,-1,-1,-1
3,0,1361.3735316812104,440.0,152.1281972198758,320.78219305154494,-1,-1,-1,-1
3,1,1459.8694756749496,448.0,91.37185212666827,293.4033846931645,-1,-1,-1,-1
3,2,463.2859399742356,463.9999999999999,92.16942454955745,236.10086396551867,-1,-1,-1,-1
3,3,587.0713361346227,456.0,87.91050722646423,235.77849305753602,-1,-1,-1,-1
3,4,1009.89917235277,440.00000000000006,43.60899168639605,103.42046856722146,-1,-1,-1,-1
3,5,943.4136494366121,440.0000000000001,28.796839575716945,98.21768630656379,-1,-1,-1,-1
3,6,1102.7881932945338,440.0000000000001,29.3667465524245,97.90512530200044,-1,-1,-1,-1
3,7,737.105392538633,464.00000000000006,27.76672947016209,94.45964540607002,-1,-1,-1,-1
3,8,747.0771030431546,472.0,12.175443560736085,87.86939918454186,-1,-1,-1,-1
3,9,1263.227683926299,448.00000000000006,20.005119942870806,89.95561649667872,-1,-1,-1,-1
3,10,733.4869402574407,464.0000000000001,25.77400398298414,89.88787169031968,-1,-1,-1,-1
4,0,1368.9899428548288,440.0,145.38836681098996,318.34066060337045,-1,-1,-1,-1
4,1,1491.1965496730863,448.0,66.59142436775278,307.2961112080618,-1,-1,-1,-1
4,2,464.11390375306786,463.9999999999999,89.11139722156992,239.58045402148753,-1,-1,-1,-1
4,3,586.774455657804,464.0,88.03348497847605,230.28224165586516,-1,-1,-1,-1
4,4,1378.4974145575343,440.00000000000006,22.173048787564767,110.62142901200963,-1,-1,-1,-1
4,5,1013.5868139075899,440.0,35.98555782273661,104.06879770680825,-1,-1,-1,-1
4,6,936.809712043315,440.0000000000001,33.59433855400698,96.15653191941192,-1,-1,-1,-1
4,7,1102.3140750716352,440.0000000000001,33.5298224283606,96.44998193659626,-1,-1,-1,-1
4,8,739.5843344702778,472.00000000000006,19.7343776612056,88.20173230626534,-1,-1,-1,-1
4,9,743.5175768690194,464.0,18.709549530734307,92.5645621767377,-1,-1,-1,-1
4,10,1262.3796190373598,448.00000000000006,23.813313928015077,89.86657982468972,-1,-1,-1,-1
4,11,737.0374386387222,472.0,23.96176890177003,86.9099843398094,-1,-1,-1,-1
5,0,1382.9107176510545,439.99999999999994,136.13388357919007,318.2725052529051,-1,-1,-1,-1
5,1,1501.063930644022,448.0,55.236135451184964,293.52618879690294,-1,-1,-1,-1
5,2,463.62800513894786,463.9999999999999,93.21366944965166,235.69615520324612,-1,-1,-1,-1
5,3,586.6162440978981,456.0,88.26440793222787,235.7014234929868,-1,-1,-1,-1
5,4,1372.3570316258308,440.00000000000006,38.917209477281176,113.86106924779352,-1,-1,-1,-1
5,5,1016.5409848636681,440.00000000000006,32.87089808633402,102.09834000496079,-1,-1,-1,-1
5,6,936.8377319494888,440.0000000000001,33.93488555176498,96.50733172504124,-1,-1,-1,-1
5,7,1102.3140750716352,440.0000000000001,33.5298224283606,96.44998193659626,-1,-1,-1,-1
5,8,738.5232533273645,472.0,25.813540283185716,93.91654163385522,-1,-1,-1,-1
5,9,1262.0028177736597,448.00000000000006,25.2013654335949,89.65394709972571,-1,-1,-1,-1
5,10,735.7591644594187,472.0,28.377984395566386,88.68333160522741,-1,-1,-1,-1
6,0,1394.83553419132,439.99999999999994,130.23787280687043,322.201532646569,-1,-1,-1,-1
6,1,1537.5574557939278,448.00000000000006,26.312900409174517,298.41013945938613,-1,-1,-1,-1
6,2,469.7598458489718,463.9999999999999,87.80738371941555,231.05767792415884,-1,-1,-1,-1
6,3,587.3961265459986,464.0,87.64377107551309,225.73003257342396,-1,-1,-1,-1
6,4,1374.7146528212113,440.00000000000006,35.126957024571084,112.98673904137439,-1,-1,-1,-1
6,5,1013.9475820950197,440.0,35.87880768748869,104.0352584496834,-1,-1,-1,-1
6,6,1101.9236825655353,440.0000000000001,33.66455757140898,96.43270238738319,-1,-1,-1,-1
6,7,732.5202134581463,464.00000000000006,30.121821863800392,96.49767867936254,-1,-1,-1,-1
6,8,937.1514251017967,440.0,32.45554391526582,94.1273799735834,-1,-1,-1,-1
6,9,735.3802939808488,472.0,28.619667044786183,85.78935121495806,-1,-1,-1,-1
6,10,1263.4865476430923,456.0,19.26529307733972,87.2464912719073,-1,-1,-1,-1
7,0,1401.5036473533805,439.99999999999994,129.88238959807677,329.7026016073108,-1,-1,-1,-1
7,1,467.38423971157084,463.9999999999999,87.48191385565366,237.68033610665918,-1,-1,-1,-1
7,2,585.8633821877188,464.0,88.05401276709495,224.7546056117328,-1,-1,-1,-1
7,3,1382.9396195995978,448.00000000000006,28.018825487054983,106.72130974581142,-1,-1,-1,-1
7,4,1016.7918134693098,440.0,33.04893897122429,103.33498191754347,-1,-1,-1,-1
7,5,936.1499775691735,440.0000000000001,33.316446259365534,96.37336335780981,-1,-1,-1,-1
7,6,1101.802434342416,440.0000000000001,35.8676210592555,102.73921830604058,-1,-1,-1,-1
7,7,733.6323985441875,464.00000000000006,28.28392061149134,96.13752765311045,-1,-1,-1,-1
7,8,1263.8061496948922,456.0,18.90652521725019,84.2532080391021,-1,-1,-1,-1
8,0,1411.0219379831324,431.99999999999994,125.60373474878884,338.0036361899509,-1,-1,-1,-1
8,1,1520.7936019904546,448.0,56.93586679071382,297.7260813865237,-1,-1,-1,-1
8,2,461.24859010613346,463.9999999999999,95.3921035092863,234.40369966564867,-1,-1,-1,-1
8,3,585.0846422473395,456.0,89.62290477544173,231.34370184854276,-1,-1,-1,-1
8,4,1397.1537079347945,440.00000000000006,7.560626216534729,114.72266221085312,-1,-1,-1,-1
8,5,1015.9581755902234,440.0,37.09541644842125,103.00919809076129,-1,-1,-1,-1
8,6,735.033277990804,464.00000000000006,26.893375334037955,98.03810569144576,-1,-1,-1,-1
8,7,1101.8295905062066,440.0000000000001,32.99232403505039,102.06298470381614,-1,-1,-1,-1
8,8,935.0037465981032,440.0,33.50156109121201,94.3232116733302,-1,-1,-1,-1
8,9,1262.5399448438252,448.00000000000006,21.042191376145183,90.30674585648347,-1,-1,-1,-1
9,0,1419.4972342249835,439.99999999999994,132.20123219122365,321.11507604969796,-1,-1,-1,-1
9,1,1524.3838017575308,448.0,56.60509298477473,290.2365543074885,-1,-1,-1,-1
9,2,467.2462279917284,463.9999999999999,86.9179414418856,234.10533677776527,-1,-1,-1,-1
9,3,584.6961966670275,464.0,87.48757566397614,220.11628236360002,-1,-1,-1,-1
9,4,1383.6288594518107,447.99999999999994,32.70934070472663,106.40395107988837,-1,-1,-1,-1
9,5,1015.6272358570468,440.0,36.997516731106316,103.25361419442493,-1,-1,-1,-1
9,6,737.8225293906565,463.99999999999994,22.04891100202883,97.76869682859927,-1,-1,-1,-1
9,7,733.0189781612053,464.00000000000006,26.472514165039684,95.63063798956279,-1,-1,-1,-1
9,8,934.0905821601597,440.0000000000001,30.749618544296595,93.58985946275311,-1,-1,-1,-1
9,9,1102.2084224963933,440.0000000000001,33.80291752107155,101.62546542756127,-1,-1,-1,-1
9,10,1263.8061496948922,456.0,18.90652521725019,84.2532080391021,-1,-1,-1,-1
10,0,1443.1414247946586,440.0,97.99867202576115,314.32567945776043,-1,-1,-1,-1
10,1,1556.4433565973886,448.00000000000006,27.55664340261137,293.1775421579045,-1,-1,-1,-1
10,2,465.8183459894751,463.9999999999999,88.9791420221809,239.46767496439145,-1,-1,-1,-1
10,3,583.2867273964333,456.0,94.45506052207031,230.13727385655545,-1,-1,-1,-1
10,4,1389.0269364654248,448.0,27.49216529089358,106.9591172403932,-1,-1,-1,-1
10,5,1015.9943451370834,440.0,33.81852403294283,102.11432561386823,-1,-1,-1,-1
10,6,729.6388768833053,463.99999999999994,34.548670458710944,96.53930726236075,-1,-1,-1,-1
10,7,934.5463721333285,440.0000000000001,32.14216512930625,95.11879711956101,-1,-1,-1,-1
10,8,1101.8295905062066,440.0000000000001,32.99232403505039,102.06298470381614,-1,-1,-1,-1
10,9,1262.17374120654,456.0,20.153755689281297,84.78518757515485,-1,-1,-1,-1
11,0,1456.1832413110676,440.0,92.92917787919691,312.6958933399584,-1,-1,-1,-1
11,1,1543.7498317269728,448.00000000000006,67.25330423259652,308.38260388102907,-1,-1,-1,-1
11,2,465.6091268940947,463.9999999999999,89.37507015298564,240.48775579672997,-1,-1,-1,-1
11,3,582.3635953144853,456.0,96.35631544887337,232.43806035632645,-1,-1,-1,-1
11,4,1391.6308056382436,440.00000000000006,26.6683840489502,113.21684517176897,-1,-1,-1,-1
11,5,729.9895533274922,464.0,33.40248775363864,98.16925713850878,-1,-1,-1,-1
11,6,1017.3342023183142,440.0,31.481030471439794,96.80996255980256,-1,-1,-1,-1
11,7,934.2566805272605,440.0000000000001,32.67407033926986,94.52727250124826,-1,-1,-1,-1
11,8,1103.364570999579,440.0000000000001,28.735956395787753,97.57944303052636,-1,-1,-1,-1
11,9,1263.432535289113,456.0,19.733137786035968,84.51740820147995,-1,-1,-1,-1
12,0,1465.3737999309737,432.0,84.42388759248297,323.8973602981381,-1,-1,-1,-1
12,1,468.0093896409691,463.9999999999999,88.93946118552986,238.22426875154724,-1,-1,-1,-1
12,2,584.0979512169142,456.0,94.57295302978696,232.59594278099974,-1,-1,-1,-1
12,3,1396.7429522437783,440.00000000000006,19.416774911330776,112.3792718193967,-1,-1,-1,-1
12,4,1022.7316456122912,440.0,61.47230998145028,101.54656963158038,-1,-1,-1,-1
12,5,934.8070102773968,440.0000000000001,32.44408342496638,94.16457792297433,-1,-1,-1,-1
12,6,1101.7663830890308,440.0000000000001,31.135461436375635,97.36727197639823,-1,-1,-1,-1
12,7,1269.8490582531795,456.0,3.5920720375570454,81.82952705927255,-1,-1,-1,-1
13,0,1489.2211324110544,432.0,58.304701056746126,326.4998368320306,-1,-1,-1,-1
13,1,461.69597641061773,464.0,97.74499686864033,243.78784434556292,-1,-1,-1,-1
13,2,584.7986635790137,456.0,93.63849015534902,233.67740842430874,-1,-1,-1,-1
13,3,1400.029259687126,440.00000000000006,16.824111976788345,112.32239960579278,-1,-1,-1,-1
13,4,1102.7882206326508,440.0000000000001,30.115293286859696,98.30812794873907,-1,-1,-1,-1
13,5,932.0061453223386,440.0,35.53931551870812,95.44168635464109,-1,-1,-1,-1
13,6,1269.5364175186355,456.0,4.398352893831998,79.84010957044791,-1,-1,-1,-1
14,0,1485.3366174116763,432.0,73.09786559983877,324.76699997065043,-1,-1,-1,-1
14,1,1573.8845558484009,448.00000000000006,54.175825339710855,305.50803797523423,-1,-1,-1,-1
14,2,463.15818181800734,464.0,96.04115060751309,240.11818433926192,-1,-1,-1,-1
14,3,593.3914762174059,456.0,80.57669909175775,229.19983330653054,-1,-1,-1,-1
14,4,1405.0926529403048,440.0,18.681868997282663,110.81746316453814,-1,-1,-1,-1
14,5,1101.7382721953104,448.0000000000001,31.158800374483462,95.05535603025976,-1,-1,-1,-1
14,6,934.4015216594194,440.0,33.20997664678555,93.43247579931051,-1,-1,-1,-1
14,7,934.3767724647096,440.0,22.872298330077,93.98725415475326,-1,-1,-1,-1
14,8,1268.7709744818064,448.0,4.815872000904619,87.80721545218512,-1,-1,-1,-1
15,0,1495.7236029570356,440.0,62.14371298976698,324.4173399627739,-1,-1,-1,-1
15,1,1570.3261811447428,448.0,68.09491561228265,292.9330211394141,-1,-1,-1,-1
15,2,468.694508662491,464.0,96.59200927962172,244.9615331783566,-1,-1,-1,-1
15,3,591.111778328949,456.0,88.2118222905699,232.1696888729316,-1,-1,-1,-1
15,4,1406.7543006484684,440.0,18.870002606241997,112.12915621133516,-1,-1,-1,-1
15,5,1023.5027170534489,448.0,27.035299520679132,95.45067378594752,-1,-1,-1,-1
15,6,1027.1043032372625,440.0000000000001,24.97950503231573,87.03958269625718,-1,-1,-1,-1
15,7,1102.8871155172487,448.0000000000001,28.01339765732041,94.82709756496433,-1,-1,-1,-1
15,8,934.6438138503145,440.0,31.96242309301067,94.9577172513018,-1,-1,-1,-1
15,9,1260.966859235149,456.0,21.94799047662218,81.58657045927885,-1,-1,-1,-1
16,0,1504.6807980869294,432.0,49.291533493675615,337.1218856486008,-1,-1,-1,-1
16,1,1566.9617750231623,448.0,92.8771660465618,305.7084259293199,-1,-1,-1,-1
16,2,468.0494872709755,464.0,101.02221497459101,245.4895732115233,-1,-1,-1,-1
16,3,592.8952182055034,456.0,89.40909650091385,232.3305420306873,-1,-1,-1,-1
16,4,1409.7662539562082,448.0,16.62321510294896,104.90487514612187,-1,-1,-1,-1
16,5,1021.5362577168733,448.0,25.95230201349341,93.42161533718922,-1,-1,-1,-1
16,6,1016.4134519152888,440.0000000000001,31.297516601014877,91.43449249031255,-1,-1,-1,-1
16,7,1102.4519702272257,440.0000000000001,30.70390831086911,96.83268077943455,-1,-1,-1,-1
16,8,934.3681080033715,440.0,34.63251252210932,87.25540658359796,-1,-1,-1,-1
16,9,934.2454100671779,440.0,26.08373446425651,92.41375106439386,-1,-1,-1,-1
16,10,1261.808117649743,448.0,20.619688068813275,88.84398345912291,-1,-1,-1,-1
16,11,690.1650282500289,464.00000000000006,26.76947058173255,71.80187862086046,-1,-1,-1,-1
16,12,693.0097115801093,464.0,13.38399296369846,72.94177506629865,-1,-1,-1,-1
16,13,687.52197409096,464.0,22.674226387758495,69.82730395226167,-1,-1,-1,-1
17,0,1478.5904663067413,432.0,77.14192534582116,337.25275222709433,-1,-1,-1,-1
17,1,1589.9240939773713,448.0,73.484823495922,302.9010540937809,-1,-1,-1,-1
17,2,467.02028971070763,464.0,118.98951193628795,248.7948025876069,-1,-1,-1,-1
17,3,591.1499186254432,456.0,83.96736185125792,234.38926292951692,-1,-1,-1,-1
17,4,1402.1090741823061,440.0,35.203502719874905,112.04772376725055,-1,-1,-1,-1
17,5,1020.6351262823828,448.0000000000001,28.688755909156725,90.97665950363387,-1,-1,-1,-1
17,6,1102.0493611911531,448.0000000000001,33.99606896457158,95.48619108683147,-1,-1,-1,-1
17,7,930.9908681285688,440.0,29.925169281373087,94.24023917526597,-1,-1,-1,-1
17,8,929.1973670011328,440.0,27.243460958697938,89.99226134094772,-1,-1,-1,-1
17,9,1260.973019266407,456.0,22.293579430838463,82.50091825674087,-1,-1,-1,-1
17,10,683.782389909346,464.0,28.04878390018962,70.6522646176087,-1,-1,-1,-1
18,0,1489.5279848500636,439.99999999999994,98.24480643906827,325.18102831095456,-1,-1,-1,-1
18,1,1618.2436664486936,456.00000000000006,32.55956905453331,299.057880548844,-1,-1,-1,-1
18,2,472.7981151729247,464.0,111.16330275725403,247.14888630232747,-1,-1,-1,-1
18,3,595.1640250656421,456.0,79.95896329673224,222.9900555184497,-1,-1,-1,-1
18,4,1102.827844112624,448.0000000000001,27.995938091275775,89.40921120037547,-1,-1,-1,-1
18,5,931.1538853177606,440.0,29.585621285002162,92.70223280880396,-1,-1,-1,-1
18,6,1263.120624096146,448.0,17.84224324684874,88.35384203604553,-1,-1,-1,-1
18,7,692.3820588759442,456.00000000000006,24.177723877499716,78.68063750396738,-1,-1,-1,-1
