1,0,1397.2565274327637,408.0,10.743472567236495,190.09105366229812,-1,-1,-1,-1
1,1,690.3271935832452,432.0,68.62486544665569,159.02437976911688,-1,-1,-1,-1
1,2,1488.68171575221,424.0,46.792697567209416,158.68627108172984,-1,-1,-1,-1
1,3,479.23399771796744,440.0,51.122529586704104,154.04680770413222,-1,-1,-1,-1
1,4,567.7720487896074,440.0,45.067520039942565,145.37486108475537,-1,-1,-1,-1
1,5,640.7536882568749,431.99999999999994,45.00371583329968,120.36379509344403,-1,-1,-1,-1
1,6,1226.5721727963971,424.0,28.690174043486877,96.53643037166046,-1,-1,-1,-1
1,7,1182.6519919306704,424.0,20.251075163419046,89.3859260986219,-1,-1,-1,-1
1,8,1117.6547322312958,423.99999999999994,16.711987933204,70.16621824325762,-1,-1,-1,-1
2,0,1378.443305996284,408.00000000000006,44.440925326027354,191.20399038915735,-1,-1,-1,-1
2,1,687.1992428180424,432.0,60.67248131876897,155.23261700538637,-1,-1,-1,-1
2,2,1478.2961124532483,424.0,51.32613493684289,159.74371418755436,-1,-1,-1,-1
2,3,468.9796314196019,432.0,54.5144249034978,156.66252197921847,-1,-1,-1,-1
2,4,559.9735180253067,440.0,44.84667339308453,146.16894830934973,-1,-1,-1,-1
2,5,631.8189084298317,432.0,44.26040848682101,120.08798976364164,-1,-1,-1,-1
2,6,1220.8626038759148,424.0,28.20595792821632,95.43637426693351,-1,-1,-1,-1
2,7,1192.0,424.0,10.239995250422226,91.80399430203943,-1,-1,-1,-1
2,8,1181.7047385015744,424.0,11.612403925226545,90.08823040352638,-1,-1,-1,-1
2,9,1109.8749132385753,423.9999999999999,17.847303678452818,70.576656615758,-1,-1,-1,-1
3,0,1377.4437471923438,416.0,44.608338877161714,184.98958579359658,-1,-1,-1,-1
3,1,680.1140113765609,432.0,52.16617065608955,155.91421409071518,-1,-1,-1,-1
3,2,1471.433313971996,424.0,47.44578291875928,158.8061281943177,-1,-1,-1,-1
3,3,463.1044837021291,432.0,51.79061588370428,156.99702604258198,-1,-1,-1,-1
3,4,552.9329784170318,440.0,44.33507050061792,146.07509438266902,-1,-1,-1,-1
3,5,627.428726964862,431.99999999999994,44.21913606484975,120.56083580619946,-1,-1,-1,-1
3,6,1211.176315251304,424.0,33.651846672577676,95.96993569115443,-1,-1,-1,-1
3,7,1166.6927995190808,424.0,28.65285512328319,95.99369479847064,-1,-1,-1,-1
3,8,1110.73317685721,423.99999999999994,2.1758010230525997,71.78937512796404,-1,-1,-1,-1
4,0,1380.386943089248,416.0,19.246697876443704,186.18481640307095,-1,-1,-1,-1
4,1,675.9457491802608,432.0,47.10196505138367,157.75484365152306,-1,-1,-1,-1
4,2,458.03676164705064,432.0,50.654912184701175,155.34439209654784,-1,-1,-1,-1
4,3,1465.3994403893498,432.0,45.53444576427728,151.43795407648452,-1,-1,-1,-1
4,4,542.7650034985661,440.0,51.81757601184927,148.02535274721617,-1,-1,-1,-1
4,5,622.3896014979101,432.0,42.53807116359701,122.50481457722435,-1,-1,-1,-1
4,6,1207.4115287835946,424.0,34.348020912554375,96.47550986234728,-1,-1,-1,-1
4,7,1171.1133853152355,424.0,9.633895486374513,94.81359534865942,-1,-1,-1,-1
4,8,1171.2773883310388,424.0,12.180616199458655,90.34571466714328,-1,-1,-1,-1
4,9,1106.0804129878682,423.99999999999994,8.120422669839854,70.7153704551917,-1,-1,-1,-1
5,0,1371.2569816067598,415.99999999999994,37.515568291967156,195.09227295243426,-1,-1,-1,-1
5,1,664.6673468681313,432.0,46.365454587493105,157.8074128932451,-1,-1,-1,-1
5,2,446.0773625676028,440.0,53.25699707696293,155.67872242239469,-1,-1,-1,-1
5,3,1449.0253999925071,432.0,47.89072221510719,152.3444743953628,-1,-1,-1,-1
5,4,528.0470739888369,440.0,49.41500932582335,151.20564337574115,-1,-1,-1,-1
5,5,596.8945531917927,432.0,52.612568627817836,137.28196348321785,-1,-1,-1,-1
5,6,1195.0326908345926,424.0,32.28995340315282,100.48521075255348,-1,-1,-1,-1
5,7,1154.3988824863104,424.0,24.397691647583542,101.16326860853633,-1,-1,-1,-1
5,8,1098.2323931829872,423.99999999999994,8.436371897275649,71.89740037692854,-1,-1,-1,-1
6,0,1374.33108837422,424.0,26.603255050142934,186.50447916772077,-1,-1,-1,-1
6,1,662.3528505585683,432.0,58.84303348809385,158.42160507445226,-1,-1,-1,-1
6,2,442.59880892844853,440.0,58.44050128458122,147.607003157981,-1,-1,-1,-1
6,3,519.0204018997296,440.0,57.636968852378345,145.3669595119236,-1,-1,-1,-1
6,4,1444.1295406849604,432.0,52.045936839716205,152.09594828376385,-1,-1,-1,-1
6,5,601.4331052577015,432.0,45.11414907486164,137.43237300757016,-1,-1,-1,-1
6,6,1190.345656073627,424.0,29.25771796855406,98.93972056335076,-1,-1,-1,-1
6,7,1166.8696525094015,432.0000000000001,9.475771257142924,95.4211233237188,-1,-1,-1,-1
7,0,1384.1284851927796,424.0,19.781352774089328,183.31911390632206,-1,-1,-1,-1
7,1,436.7353123702097,440.0,59.479883103767065,154.22880099231077,-1,-1,-1,-1
7,2,535.4727994510785,440.0,18.303391127773807,148.11673752035085,-1,-1,-1,-1
7,3,1440.4251440925423,440.0,48.282352372772266,144.9765099607837,-1,-1,-1,-1
8,0,1374.5169307284987,424.0,41.35280248507843,191.92799019463905,-1,-1,-1,-1
8,1,657.5171818250701,439.99999999999994,50.255433065404304,158.49089292769048,-1,-1,-1,-1
8,2,432.1520336606426,440.0,62.5725839321135,155.4792053645906,-1,-1,-1,-1
8,3,1433.3665922857756,440.0,51.150770576724426,151.87640566448601,-1,-1,-1,-1
8,4,519.7515842863838,448.0,52.70316645767707,146.2657756683518,-1,-1,-1,-1
8,5,600.0521564258909,440.0,45.084426372824055,113.17347997513843,-1,-1,-1,-1
8,6,1149.52413320815,432.0,13.199238808459313,91.20904855416654,-1,-1,-1,-1
8,7,1183.9744585782169,432.0,33.61806989153001,95.95562592152737,-1,-1,-1,-1
8,8,1154.2944817005966,432.0,17.519691991068385,91.12636737041612,-1,-1,-1,-1
9,0,1366.4114624456295,424.0,70.75018070554074,195.15094740458107,-1,-1,-1,-1
9,1,658.8131970518389,440.0,53.185035374854465,154.54277363938252,-1,-1,-1,-1
9,2,1436.295318813613,440.0,33.70301280902777,146.4103674215179,-1,-1,-1,-1
9,3,433.00660031451616,440.0,56.13476825275683,156.84262810378118,-1,-1,-1,-1
9,4,518.2616223553187,448.0,52.88300605741904,143.47628266343565,-1,-1,-1,-1
9,5,599.3698051995348,440.0,45.52105444266522,116.10237337102012,-1,-1,-1,-1
9,6,606.9349846345624,431.99999999999994,30.590263391338112,114.36016395631299,-1,-1,-1,-1
9,7,1184.8090445651708,432.0000000000001,36.3148747912287,95.92794119965833,-1,-1,-1,-1
9,8,1150.2752811887667,432.0,10.797301864982956,85.92917773148508,-1,-1,-1,-1
9,9,1155.3485915653557,432.0,8.96450164715884,86.056882211318,-1,-1,-1,-1
10,0,1375.3115243084235,424.0,64.41132449280303,197.8909442268838,-1,-1,-1,-1
10,1,429.6343538647059,440.0,56.27148733033653,155.9632623992403,-1,-1,-1,-1
10,2,655.8229410271983,440.0,49.64144244332135,155.9963060425912,-1,-1,-1,-1
10,3,1446.6441840875445,440.0,14.530803027621005,147.239363634283,-1,-1,-1,-1
10,4,510.9261886543837,448.0,58.1906431704503,146.09756946360358,-1,-1,-1,-1
10,5,603.3607597726534,448.0,75.3765892991762,151.1482836089922,-1,-1,-1,-1
10,6,608.4483133501925,440.0,55.308678017014586,143.00295557942047,-1,-1,-1,-1
10,7,597.2484681312508,439.99999999999994,45.06019277532471,118.49325870775459,-1,-1,-1,-1
10,8,1178.4237526387656,432.0,39.948398275238105,91.33499648507245,-1,-1,-1,-1
10,9,1154.0287158150857,432.0,19.39061610403928,93.12464427109717,-1,-1,-1,-1
10,10,1082.9981355080604,431.9999999999999,13.23590587916533,71.6367421674243,-1,-1,-1,-1
10,11,358.80109465274234,440.0,3.4183568544057152,49.95823461920577,-1,-1,-1,-1
10,12,359.16488167394436,440.0,2.137874856237545,50.56679636484671,-1,-1,-1,-1
11,0,1370.2814078041743,424.0,70.7851825005605,192.96106878772753,-1,-1,-1,-1
11,1,644.2193244232752,448.0,62.29467122307085,157.42148862767408,-1,-1,-1,-1
11,2,426.12119427698065,440.0,57.78669964697599,155.26373974639,-1,-1,-1,-1
11,3,1441.016831352957,440.0,23.28365858707457,153.4066082768951,-1,-1,-1,-1
11,4,508.1548107501627,448.0,55.56185246903499,147.0908779958695,-1,-1,-1,-1
11,5,596.1636103939954,448.0,48.12083422828539,146.39151509950466,-1,-1,-1,-1
11,6,656.0416524232226,440.0,33.351634713250746,136.5650677620464,-1,-1,-1,-1
11,7,1172.5803962321772,432.0,35.435416364226285,85.6755360843573,-1,-1,-1,-1
11,8,1154.7134271956536,440.0,19.25583007453406,86.4174761571287,-1,-1,-1,-1
11,9,1076.804387794856,432.0,22.571772768158098,71.86985570408774,-1,-1,-1,-1
11,10,1078.9238084188066,431.9999999999999,19.549503153524256,71.20009113042073,-1,-1,-1,-1
12,0,1378.4126130475906,424.0,68.85962682794661,200.36055416420493,-1,-1,-1,-1
12,1,639.9065948756379,440.00000000000006,64.78424334632177,163.66536340282636,-1,-1,-1,-1
12,2,423.40321367240324,440.0,61.72729791910626,151.4576372899544,-1,-1,-1,-1
12,3,1437.9605181049324,440.0,31.719539529733765,151.7897558943797,-1,-1,-1,-1
12,4,589.5980981135615,440.0,52.36294031667239,145.79745431830588,-1,-1,-1,-1
12,5,504.79771112068033,448.0,54.92235784463924,146.75576877629544,-1,-1,-1,-1
12,6,1165.1593129267562,432.0,38.7926598271024,90.20442975587332,-1,-1,-1,-1
12,7,1155.3146581094227,432.0,9.376936670088753,89.78136886051868,-1,-1,-1,-1
13,0,1379.6978331207176,424.0,71.8539098825263,195.68287880762307,-1,-1,-1,-1
13,1,647.6245047883831,432.0,48.63954965774292,177.24090526508917,-1,-1,-1,-1
13,2,422.313841430245,440.0,55.939398350571025,156.280944581271,-1,-1,-1,-1
13,3,1431.6872669308755,440.0,32.39681998946867,150.3036854140264,-1,-1,-1,-1
13,4,505.3570508200473,448.0,49.39731335274524,145.99804234713952,-1,-1,-1,-1
13,5,1150.203201244488,432.0,6.692999724197534,91.96660405379544,-1,-1,-1,-1
13,6,1171.952043518415,432.0,15.373467262051236,93.22512360820338,-1,-1,-1,-1
14,0,1381.8956639908952,424.0,74.63615270644686,204.86579107440366,-1,-1,-1,-1
14,1,414.3126715326681,440.0,60.20231177232375,154.58372452245578,-1,-1,-1,-1
14,2,586.7171072081707,440.0,56.4133804371869,150.72834198767225,-1,-1,-1,-1
14,3,496.55097093448757,448.0,53.78637218086516,145.80071950164097,-1,-1,-1,-1
14,4,1175.247106651967,432.0,34.295911203461856,95.63992266542255,-1,-1,-1,-1
14,5,1145.8985047501208,432.0,20.74011716651603,93.43079072414275,-1,-1,-1,-1
14,6,1078.834801389843,432.0,17.917836083194288,72.7819004679493,-1,-1,-1,-1
15,0,1385.4559888948468,424.0,64.57533555915893,202.59024301953855,-1,-1,-1,-1
15,1,618.1034191448675,431.99999999999994,63.57143849883403,182.25061970230848,-1,-1,-1,-1
15,2,405.0224489504219,440.0,59.80323680471088,155.89236032840745,-1,-1,-1,-1
15,3,567.185472355843,440.0,41.80806893969782,148.90515579000157,-1,-1,-1,-1
15,4,491.9287360383573,448.0,49.63166251430158,145.8309408653124,-1,-1,-1,-1
15,5,1167.4555514847223,432.0,34.30578173489744,94.63126398339091,-1,-1,-1,-1
15,6,1140.908646117725,432.0,10.2839124845882,89.68676502231676,-1,-1,-1,-1
16,0,1381.7129921993348,416.0,67.48010910757648,208.568484798157,-1,-1,-1,-1
16,1,615.776330745178,424.0,65.8804917388311,186.78536786278357,-1,-1,-1,-1
16,2,396.8973492208173,440.0,60.890440748517506,161.20369729656625,-1,-1,-1,-1
16,3,567.7694883168092,440.0,47.26237315169146,150.59011711823882,-1,-1,-1,-1
16,4,485.66890124166275,448.0,44.1644601530312,144.65577032570536,-1,-1,-1,-1
16,5,1164.9299093246777,432.0,29.360844956836445,96.09210007119873,-1,-1,-1,-1
16,6,1141.148691824541,432.0,34.08323502134317,97.16201041642728,-1,-1,-1,-1
16,7,1066.5293103757367,423.99999999999994,7.656458605452599,62.058273563353794,-1,-1,-1,-1
16,8,1071.543371526533,431.9999999999999,8.456628473466935,65.24728303595128,-1,-1,-1,-1
17,0,608.8779742533559,424.0,62.100499857171144,191.46437813726106,-1,-1,-1,-1
17,1,1392.6078416905402,424.0,23.392158309459774,200.96687573702434,-1,-1,-1,-1
17,2,391.4240454854971,440.0,61.684896104413156,162.75762229704094,-1,-1,-1,-1
17,3,558.8929004759393,440.0,49.18737261646584,150.29586939614978,-1,-1,-1,-1
17,4,478.99419263913387,448.0,49.09156004537431,145.33961319997195,-1,-1,-1,-1
17,5,1158.7622382577908,432.0,33.35350434428233,95.42018141667211,-1,-1,-1,-1
17,6,1131.8184399360298,432.0,32.53665628947897,90.82642316873137,-1,-1,-1,-1
17,7,1070.337611383033,432.0,2.6943377834700186,67.10471728387972,-1,-1,-1,-1
17,8,1071.1075852900076,431.9999999999999,1.609514055975751,69.40974143163368,-1,-1,-1,-1
18,0,1385.9372991818855,423.99999999999994,44.0276216551606,191.0917297601623,-1,-1,-1,-1
18,1,606.7076084382268,424.0,49.927116520176696,191.93065397744476,-1,-1,-1,-1
18,2,384.7369049097896,440.0,62.77699589026395,159.48801122305406,-1,-1,-1,-1
18,3,561.3221702562064,440.0,47.37283523829865,156.61413740128796,-1,-1,-1,-1
18,4,472.202043670772,448.0,50.38251892039807,145.60354483684137,-1,-1,-1,-1
18,5,1144.3506021103033,432.0,42.85215435357895,91.44122913571925,-1,-1,-1,-1
18,6,1129.6482842325563,432.0,12.09234855795603,90.32912693987907,-1,-1,-1,-1
19,0,1390.2206506587652,423.99999999999994,36.38838612470863,212.75584379660205,-1,-1,-1,-1
19,1,605.6696896459812,431.99999999999994,36.62539976029575,182.88462769953054,-1,-1,-1,-1
19,2,376.23125381110776,448.0,61.705756967795196,163.58543044429518,-1,-1,-1,-1
19,3,560.9860574746123,440.0,46.85153992073003,156.07103862435042,-1,-1,-1,-1
19,4,463.5370877714673,448.0,51.905632836690415,147.53010492624924,-1,-1,-1,-1
19,5,1132.724284106188,432.0,47.694292900321216,90.28950621008994,-1,-1,-1,-1
19,6,1121.9958068138228,440.0,12.832192355783036,89.54560186704555,-1,-1,-1,-1
19,7,1053.9872147529954,439.99999999999994,19.755370712147624,65.51266608398123,-1,-1,-1,-1
