1,0,1711.6694211694394,416.00000000000006,129.3693235593248,299.4154256784239,-1,-1,-1,-1
1,1,273.83684386589005,472.0,64.51119561883866,208.7957476309457,-1,-1,-1,-1
1,2,1293.337596325132,480.0,56.792971049940434,161.3612372533587,-1,-1,-1,-1
1,3,869.5279061943882,536.0,27.515144222455433,79.41912180412851,-1,-1,-1,-1
2,0,1707.2352516203355,416.00000000000006,128.05050607019098,300.9945410512327,-1,-1,-1,-1
2,1,284.8338506877916,472.0,68.90589565175776,209.03975620567303,-1,-1,-1,-1
2,2,1293.8017725065934,480.0,59.8879541968231,161.39884973960386,-1,-1,-1,-1
3,0,1705.215440641692,416.00000000000006,132.9280191901696,292.48921112445504,-1,-1,-1,-1
3,1,282.9792595330715,480.0,68.05519122312967,203.43701379749086,-1,-1,-1,-1
3,2,1293.4757182939256,480.0,63.10424990211027,164.7643705341618,-1,-1,-1,-1
3,3,870.2880054525967,536.0,26.311719423750446,78.92775170186246,-1,-1,-1,-1
4,0,1702.1480761824678,416.00000000000006,135.2489389327584,289.31834643850874,-1,-1,-1,-1
4,1,287.1292306031804,480.0,65.94929601539081,210.93392093843102,-1,-1,-1,-1
4,2,1295.45613390164,480.0,64.02462104574101,164.1475188494478,-1,-1,-1,-1
5,0,1701.5065715437127,416.00000000000006,130.3286752838776,288.4299330623565,-1,-1,-1,-1
5,1,293.6458711815486,480.0,53.38964964494937,200.36367727135826,-1,-1,-1,-1
5,2,1299.0032136678099,480.0,63.0444916902718,166.45713603383183,-1,-1,-1,-1
6,0,1698.024353808956,416.00000000000006,132.36105346916315,291.79905790110973,-1,-1,-1,-1
6,1,300.1430737070955,472.0,58.23157876381299,213.66463693173398,-1,-1,-1,-1
6,2,1299.881841490765,480.0,61.09947380403514,165.04963541402606,-1,-1,-1,-1
7,0,1694.4622267191467,416.00000000000006,145.40866350264878,291.08304890542325,-1,-1,-1,-1
7,1,303.024325727834,472.0,55.992421524256656,214.6072431145085,-1,-1,-1,-1
7,2,1304.143085260508,480.0,63.70855134813337,160.03617756923018,-1,-1,-1,-1
8,0,1684.160926183114,416.0,151.67545453864068,284.4741106810866,-1,-1,-1,-1
8,1,305.62778575312063,472.0,59.02945593843026,212.51724006312577,-1,-1,-1,-1
8,2,1305.5113776078883,472.0,63.61846174997004,169.78855240056055,-1,-1,-1,-1
9,0,1682.0402222983616,416.0,146.8828545849601,285.6816114250912,-1,-1,-1,-1
9,1,310.91004424179096,472.00000000000006,58.22371612945528,216.05190854934204,-1,-1,-1,-1
9,2,1306.1673406929672,472.0,64.05336325298595,167.59129021281422,-1,-1,-1,-1
10,0,1681.5340126352803,424.0,146.07258529471483,281.7190976395241,-1,-1,-1,-1
10,1,309.34199155795056,472.0,59.89695221144325,192.750554116702,-1,-1,-1,-1
10,2,1311.8154626782691,472.0,63.167782448500475,166.91122453757384,-1,-1,-1,-1
11,0,1686.0058565865302,424.0,132.41674958159228,286.7877538445655,-1,-1,-1,-1
11,1,319.9999999999999,472.0,51.36487935343564,193.02233111791327,-1,-1,-1,-1
11,2,1316.5104651473112,472.0,56.91854196765962,166.596799474651,-1,-1,-1,-1
11,3,1797.6357312613136,456.00000000000006,45.50454306458005,153.2284951633548,-1,-1,-1,-1
12,0,-31.299566033297197,272.00000000000006,207.4413836670186,584.0850814561538,-1,-1,-1,-1
12,1,1684.9767473999395,416.0,127.75032258995589,291.9099670695706,-1,-1,-1,-1
12,2,319.9999999999999,472.0,28.201738297008546,204.1187085477751,-1,-1,-1,-1
12,3,1316.3478239407932,472.0,57.351552990218124,166.7659526920554,-1,-1,-1,-1
12,4,1798.9524364256297,456.00000000000006,48.0981590442118,153.66979639591744,-1,-1,-1,-1
13,0,-23.787180727687428,272.00000000000006,203.8894155239958,583.5286527733979,-1,-1,-1,-1
13,1,1692.1776539471157,416.0,112.60125773495338,297.9773159922246,-1,-1,-1,-1
13,2,319.1598902580106,472.0,45.3386067518727,199.20419102424592,-1,-1,-1,-1
13,3,1318.225992609324,472.0,60.88293526789562,167.92618781093825,-1,-1,-1,-1
13,4,1801.6015804072147,456.00000000000006,46.01938512504489,155.07514636366608,-1,-1,-1,-1
14,0,-3.0928295528094623,272.00000000000006,179.13959202261344,578.9017236904429,-1,-1,-1,-1
14,1,1688.723960158371,416.0,125.96357441926921,293.5102529042298,-1,-1,-1,-1
14,2,308.15425815115157,472.0,40.881847991049085,218.4444493924684,-1,-1,-1,-1
14,3,1318.456995264135,472.0,60.80032547402993,168.17068489140775,-1,-1,-1,-1
14,4,1801.307655255805,456.0,48.36305999278875,152.160458929156,-1,-1,-1,-1
15,0,27.43268526392808,272.00000000000006,114.7874847087603,630.8806112456937,-1,-1,-1,-1
15,1,1672.4373398257703,408.0,135.3223239034112,304.3761771898214,-1,-1,-1,-1
15,2,324.77903539836655,472.0,28.722592212091286,211.0762242953374,-1,-1,-1,-1
15,3,1312.1728906679482,472.0,66.53060082141201,163.2922710944431,-1,-1,-1,-1
16,0,25.16364736086814,271.99999999999994,144.1515061117493,544.1613443377039,-1,-1,-1,-1
16,1,1674.8563597929146,408.0,136.98490253384261,290.99620466523675,-1,-1,-1,-1
16,2,318.9049586135691,472.0,41.48204249946684,200.5887510213231,-1,-1,-1,-1
16,3,1322.881856155519,472.0,60.20794271155728,169.01594319567369,-1,-1,-1,-1
16,4,1803.1529212237838,456.00000000000006,51.010065813175515,153.67691080392302,-1,-1,-1,-1
17,0,47.605154634887754,271.99999999999994,114.65234178333651,583.8801983245519,-1,-1,-1,-1
17,1,1670.3860109392722,408.0,140.10714302377164,299.08574610027654,-1,-1,-1,-1
17,2,324.8982662535685,472.0,42.58737698285563,201.36385290117857,-1,-1,-1,-1
17,3,1322.453981267625,480.0,63.099577733332126,158.2410136693211,-1,-1,-1,-1
18,0,60.965779903585485,271.99999999999994,108.28319677106583,586.1264802080316,-1,-1,-1,-1
18,1,1679.211554679203,408.0,127.83846571985805,302.78697794208006,-1,-1,-1,-1
18,2,340.53552721775657,472.0,16.68650928728107,206.79479013644982,-1,-1,-1,-1
18,3,1326.9237253660808,480.0,58.73328519070219,162.34187246491024,-1,-1,-1,-1
18,4,1811.2799822531856,464.0,46.94162743986408,149.38799146872623,-1,-1,-1,-1
