1,0,1357.5121789417576,439.99999999999994,80.91708833370262,299.28775248287803,-1,-1,-1,-1
1,1,1461.5832257436807,448.0,72.37428381974155,292.9174305646211,-1,-1,-1,-1
1,2,593.715089888985,455.99999999999994,90.79934163483688,222.6247376767622,-1,-1,-1,-1
1,3,471.67862645878233,463.9999999999999,90.51463074542312,217.01801015581907,-1,-1,-1,-1
1,4,680.5562400660951,456.0,29.96176876635377,144.753790555985,-1,-1,-1,-1
1,5,688.286449925539,464.00000000000006,18.691472804716,131.23951981944748,-1,-1,-1,-1
2,0,1362.7933395970804,439.99999999999994,89.18063877720192,287.8606382762337,-1,-1,-1,-1
2,1,1462.1513776657102,440.0,60.792253018447354,292.1217864548396,-1,-1,-1,-1
2,2,594.6858570230102,455.99999999999994,81.49306053100099,221.50693972919754,-1,-1,-1,-1
2,3,497.02623093595884,464.0,74.53622895524796,228.03903273063395,-1,-1,-1,-1
2,4,662.6357235694043,456.0,62.094531806902296,146.6448833357788,-1,-1,-1,-1
3,0,1394.1797880849404,439.99999999999994,55.17650417539903,289.9736407146052,-1,-1,-1,-1
3,1,1473.2871289266386,440.0,59.50825628090661,331.66411405605436,-1,-1,-1,-1
3,2,593.1163241425159,455.99999999999994,91.85326805383056,221.8885102907247,-1,-1,-1,-1
3,3,465.86050936415927,464.0,87.98858275561088,222.89044020519862,-1,-1,-1,-1
3,4,686.2584080637846,456.0,25.40811663258421,144.5648926233264,-1,-1,-1,-1
4,0,1386.6604276315163,440.0,99.84083751997309,303.03683439811834,-1,-1,-1,-1
4,1,1461.5673753139477,448.0,100.0630663166321,318.4270812672212,-1,-1,-1,-1
4,2,595.8349711284545,455.99999999999994,87.98998550906424,222.44811020264666,-1,-1,-1,-1
4,3,466.5960078795198,464.0,89.63145728349184,225.14501985548873,-1,-1,-1,-1
4,4,682.6356099104421,456.0,27.91863499525539,149.21496164703888,-1,-1,-1,-1
5,0,1423.846666734371,432.0,25.16212789232054,308.16421957295927,-1,-1,-1,-1
5,1,1483.7377118083364,448.0,59.14003826990461,333.7933111681351,-1,-1,-1,-1
5,2,593.1159724005798,455.99999999999994,90.59354264924889,217.27541438603095,-1,-1,-1,-1
5,3,467.2280799517673,464.0,89.9712848567815,220.23130988420075,-1,-1,-1,-1
6,0,1425.199704958367,431.99999999999994,42.945243820624455,339.6554693711061,-1,-1,-1,-1
6,1,1511.224427836573,440.0,46.6655548006886,294.55166660046734,-1,-1,-1,-1
6,2,1473.8136336204252,448.0,102.66574525242186,291.3217132323904,-1,-1,-1,-1
6,3,592.6488419934631,455.99999999999994,80.28154621537419,222.41239036774897,-1,-1,-1,-1
6,4,470.84951148295,464.0,81.23380141233918,219.11800777157646,-1,-1,-1,-1
6,5,1373.5733320816285,439.99999999999994,30.322708776152922,111.72502839548741,-1,-1,-1,-1
6,6,733.9627701366416,456.0,23.24539269039235,107.4435980272441,-1,-1,-1,-1
7,0,1420.3399657650439,432.0,85.00171332943,325.6469389428961,-1,-1,-1,-1
7,1,591.4805471168631,455.99999999999994,85.60839832829788,221.09605711312594,-1,-1,-1,-1
7,2,472.9448294802694,464.0,82.48537491761772,219.63566731472542,-1,-1,-1,-1
7,3,1381.6124747458853,440.0,32.84518045280629,114.5076086795824,-1,-1,-1,-1
7,4,1379.1896955139289,439.99999999999994,35.90181655200695,116.28455296602345,-1,-1,-1,-1
7,5,736.9241127838668,456.0,17.7897124275205,107.89636264401975,-1,-1,-1,-1
8,0,1425.5944342873718,432.0,77.24424975613692,322.07022090139594,-1,-1,-1,-1
8,1,592.6802191234268,455.99999999999994,83.29028452299929,221.2474941544413,-1,-1,-1,-1
8,2,475.3679100843727,464.0,73.39579877910586,223.00692361647896,-1,-1,-1,-1
8,3,1382.0179714258468,440.0,33.69364387982955,117.7576369036293,-1,-1,-1,-1
8,4,1380.3087242797787,439.99999999999994,36.66637930830984,112.86862053494161,-1,-1,-1,-1
8,5,741.2898185192848,456.0,14.920312932697698,109.76425215792358,-1,-1,-1,-1
9,0,1451.3428200589312,432.0,32.87483100800341,313.79076154251504,-1,-1,-1,-1
9,1,1510.1144741630537,448.0,84.7893616376532,317.97869664031657,-1,-1,-1,-1
9,2,592.6802191234268,455.99999999999994,83.29028452299929,221.2474941544413,-1,-1,-1,-1
9,3,482.3648095012456,463.9999999999999,80.89880455534541,213.8994921625001,-1,-1,-1,-1
9,4,1379.7266875983516,439.99999999999994,36.70561831784653,114.83622456119525,-1,-1,-1,-1
9,5,737.8218448451736,456.0,22.16794527935531,110.10329799529188,-1,-1,-1,-1
10,0,1448.2227586635795,432.0,84.0395868052733,320.82297746646464,-1,-1,-1,-1
10,1,1541.969785401325,440.0,34.9412262854878,328.82182773543957,-1,-1,-1,-1
10,2,502.33544388897013,455.99999999999994,25.622852880424773,227.54051834542014,-1,-1,-1,-1
10,3,589.2786997821856,455.99999999999994,85.98609224811025,226.93196491772443,-1,-1,-1,-1
10,4,1387.2818629543956,440.00000000000006,30.49633684671244,114.86036312554353,-1,-1,-1,-1
10,5,734.1207495949344,456.0,31.62767032466934,108.97911550769652,-1,-1,-1,-1
11,0,1473.455940708833,432.0,41.60214130683039,301.23413093313,-1,-1,-1,-1
11,1,1547.1475472982308,448.0,36.85245270176915,328.1884717662572,-1,-1,-1,-1
11,2,591.511552810589,455.99999999999994,84.83768703555677,227.13976768435924,-1,-1,-1,-1
11,3,486.9061414775887,463.9999999999999,101.72311326873626,215.7506788015262,-1,-1,-1,-1
11,4,1391.386324071396,440.00000000000006,28.10217607568734,115.04842524665725,-1,-1,-1,-1
11,5,734.0799619460872,456.0,32.09516004020111,109.15586513583867,-1,-1,-1,-1
12,0,1489.8527514589384,432.0,32.14240567141928,329.2230618360637,-1,-1,-1,-1
12,1,484.95567271909135,455.99999999999994,55.13447337799755,236.7860559640107,-1,-1,-1,-1
12,2,592.6908392213913,455.99999999999994,82.42879961822973,226.72328754249094,-1,-1,-1,-1
12,3,731.7842789973816,455.9999999999999,32.77295699052854,110.85479160153932,-1,-1,-1,-1
12,4,1393.5908731099453,440.00000000000006,26.308133586994472,110.49542259561218,-1,-1,-1,-1
13,0,1481.9241864360824,424.0,34.70779483512524,318.5654489064043,-1,-1,-1,-1
13,1,507.0992294642291,455.99999999999994,73.55490441032305,234.68676761330613,-1,-1,-1,-1
13,2,593.3725447997365,455.99999999999994,82.1646614075039,225.97670527871702,-1,-1,-1,-1
13,3,745.6810618166189,455.9999999999999,7.387963886827038,112.20126550977545,-1,-1,-1,-1
13,4,1393.1352588998454,440.00000000000006,27.046056120632556,110.9822303173508,-1,-1,-1,-1
14,0,1490.4709812571919,431.99999999999994,33.462892581214874,317.7492673665732,-1,-1,-1,-1
14,1,487.56493321979656,455.99999999999994,56.44114560213268,244.8618481878371,-1,-1,-1,-1
14,2,592.6908392213913,455.99999999999994,82.42879961822973,226.72328754249094,-1,-1,-1,-1
14,3,746.8661624783159,455.9999999999999,9.382995071728828,111.02929828667482,-1,-1,-1,-1
14,4,1400.0958659185303,440.00000000000006,26.104447061787823,112.62279474367261,-1,-1,-1,-1
15,0,1483.9376520481678,431.99999999999994,61.302601936541805,323.7529459361264,-1,-1,-1,-1
15,1,511.99999999999983,464.0,101.33826344022594,208.43776278741348,-1,-1,-1,-1
15,2,598.2372518678222,455.99999999999994,75.5222655405222,221.52393134024288,-1,-1,-1,-1
15,3,729.9516460830143,455.9999999999999,29.78492752973375,111.86946217458365,-1,-1,-1,-1
15,4,1405.5630030436544,440.00000000000006,25.17839507731992,113.57515261681664,-1,-1,-1,-1
16,0,1483.9376520481678,431.99999999999994,61.302601936541805,323.7529459361264,-1,-1,-1,-1
16,1,1593.1963247023261,448.0,49.91332526920519,337.6964605287807,-1,-1,-1,-1
16,2,499.8781946214576,464.0,103.74094352508587,230.37803924803188,-1,-1,-1,-1
16,3,593.5012875781531,447.99999999999994,85.17783813057918,230.5289650441776,-1,-1,-1,-1
16,4,726.7581173184427,455.9999999999999,35.4665788291411,113.1733142264477,-1,-1,-1,-1
17,0,1493.236013965477,432.0,58.79888651920669,323.92054799312587,-1,-1,-1,-1
17,1,1605.0470522605015,448.0,45.84686853986341,338.3280179643659,-1,-1,-1,-1
17,2,511.99999999999983,464.0,89.1627606410579,219.1621026848793,-1,-1,-1,-1
17,3,599.3835449580047,447.99999999999994,78.39523311971482,225.29174570427182,-1,-1,-1,-1
17,4,725.5788690407786,463.99999999999994,28.688855558271257,112.41494441538197,-1,-1,-1,-1
18,0,1513.902263011113,439.99999999999994,33.89996949123088,319.93388885898224,-1,-1,-1,-1
18,1,1609.0083792663763,448.0,34.69989727058055,314.5728357580897,-1,-1,-1,-1
18,2,595.0351673596294,448.0,89.52124036679402,218.5440803058276,-1,-1,-1,-1
18,3,511.99999999999983,464.0,74.16936971272361,225.01268313833305,-1,-1,-1,-1
18,4,735.3338487844419,463.99999999999994,13.800878290394508,114.39263260034039,-1,-1,-1,-1
