1,0,1384.0327045511533,408.0,44.98850981629357,185.2712635713135,-1,-1,-1,-1
1,1,695.1595318880723,432.0,58.846768090474484,154.5226847475974,-1,-1,-1,-1
1,2,642.0782698422483,432.0,113.19598785026892,159.76740054042193,-1,-1,-1,-1
1,3,1487.4390996286752,432.0,58.399011049847104,155.6439236781523,-1,-1,-1,-1
1,4,478.3948995726704,440.0,57.48137864259104,154.016160992619,-1,-1,-1,-1
1,5,598.9157433666971,440.0,7.1398284260525315,146.3636614641298,-1,-1,-1,-1
1,6,653.8801350390787,431.99999999999994,14.116846927263282,120.59753650637225,-1,-1,-1,-1
1,7,649.5899069637171,424.0,20.368261046810403,117.67322442888485,-1,-1,-1,-1
1,8,970.3415607166157,424.0,29.191287479399534,83.30935749623501,-1,-1,-1,-1
1,9,1198.6956471530307,424.0,20.5015104016652,89.55638663712955,-1,-1,-1,-1
2,0,1369.1507960840306,408.00000000000006,63.845111508650234,179.3026311528003,-1,-1,-1,-1
2,1,689.690131264126,432.0,57.491546533360065,149.73885078755984,-1,-1,-1,-1
2,2,1489.8862102570629,432.0,35.358466391165166,157.5440070818413,-1,-1,-1,-1
2,3,566.1441380429367,440.0,42.237986949119204,148.40784927869265,-1,-1,-1,-1
2,4,471.58488008728654,440.0,57.16004306310816,153.26210788060462,-1,-1,-1,-1
2,5,635.8067887037853,423.9999999999999,27.995188770882578,122.35298602745502,-1,-1,-1,-1
2,6,976.7522037494442,424.0,14.064775580607488,91.51438909039814,-1,-1,-1,-1
2,7,1193.3374207977433,424.0,9.52392312010329,94.19645803040964,-1,-1,-1,-1
2,8,1187.4557312247794,424.0,10.23626125736746,89.47414541451303,-1,-1,-1,-1
2,9,842.4834053549887,424.0,11.670058076225928,64.6454357282388,-1,-1,-1,-1
3,0,1364.832042150838,416.0,66.92779349509124,173.66812772418393,-1,-1,-1,-1
3,1,683.8853760723237,432.0,57.891881113810996,154.7319815093491,-1,-1,-1,-1
3,2,1478.0529386701487,432.0,33.05356162759267,154.01355252411327,-1,-1,-1,-1
3,3,570.1487315638922,440.0,22.34658158325101,144.90813649758957,-1,-1,-1,-1
3,4,466.6527676032255,440.0,54.72436961232057,153.5098727680852,-1,-1,-1,-1
3,5,631.2075055579389,431.99999999999994,31.229006779960287,119.32985062715937,-1,-1,-1,-1
3,6,955.5962497680714,415.99999999999994,23.837037910551885,92.65113857494316,-1,-1,-1,-1
3,7,1193.6255778472587,424.0,17.515086398249196,96.265679756709,-1,-1,-1,-1
3,8,1180.7212606737055,424.0,16.250041077302512,88.73007398496964,-1,-1,-1,-1
3,9,837.4601788304295,424.00000000000006,4.444060004513517,63.03868737830766,-1,-1,-1,-1
3,10,817.9528038620995,424.0,26.19026685411984,61.77368571721894,-1,-1,-1,-1
4,0,1362.3097203867003,416.00000000000006,59.368721781804425,181.25417666607547,-1,-1,-1,-1
4,1,681.2745935052842,432.0,55.01455572362033,157.83282091356614,-1,-1,-1,-1
4,2,709.8153084172903,431.99999999999994,13.279114543476908,140.6487363181538,-1,-1,-1,-1
4,3,1453.2307984170852,432.0,67.41694347083421,161.78364034610343,-1,-1,-1,-1
4,4,460.7626838298836,440.0,54.93786937501807,154.0908953380914,-1,-1,-1,-1
4,5,554.4688049848089,440.0,35.94715202028897,145.63425389793338,-1,-1,-1,-1
4,6,623.409066107146,431.99999999999994,35.81153146909094,119.97263897446834,-1,-1,-1,-1
4,7,949.0899202701332,424.0,29.207284590744734,94.7892831281697,-1,-1,-1,-1
4,8,1178.5897866438784,424.0,22.37352971329915,93.07722305883567,-1,-1,-1,-1
4,9,1179.3231645713313,424.0,15.12650622690694,92.11239182075929,-1,-1,-1,-1
4,10,833.1140475746429,432.0,16.765278674338333,65.09528549100156,-1,-1,-1,-1
4,11,833.1286195092615,432.0,14.847695250944525,60.82011844770648,-1,-1,-1,-1
4,12,825.5569263242114,424.00000000000006,27.148952054827873,59.62259240153338,-1,-1,-1,-1
4,13,818.7097978039988,424.0,21.327052585500724,62.47744575679542,-1,-1,-1,-1
5,0,1383.0478658905754,424.0,13.714689220872515,187.46904531850646,-1,-1,-1,-1
5,1,663.2811566555886,432.00000000000006,53.098357593193214,156.11376846409001,-1,-1,-1,-1
5,2,1468.6300081990803,432.0,15.606598189637907,158.66519999393256,-1,-1,-1,-1
5,3,444.5708771528625,440.0,59.86557505267143,155.31137168710245,-1,-1,-1,-1
5,4,549.8222765366361,440.0,39.319935401096586,152.09550911472832,-1,-1,-1,-1
5,5,601.2466963677273,440.00000000000006,23.07830443823059,130.64902848866342,-1,-1,-1,-1
5,6,607.7910755530584,440.0,27.597696860453993,134.31782778070828,-1,-1,-1,-1
5,7,940.7092313795533,424.0,25.75878181253563,97.02968140360326,-1,-1,-1,-1
5,8,1171.5972999632259,432.0,19.189148434872322,87.78254810524095,-1,-1,-1,-1
5,9,1180.7750016059247,432.0,11.351114639936895,87.46882669483807,-1,-1,-1,-1
6,0,1355.6803769261383,424.0,68.2955326760657,188.1192066561755,-1,-1,-1,-1
6,1,671.4118430914887,432.00000000000006,40.6131557575286,156.28990030759002,-1,-1,-1,-1
6,2,552.9693413129907,440.0,35.78640815246388,140.401273012836,-1,-1,-1,-1
6,3,1449.3132398329803,440.0,37.74512349554948,149.62210242314484,-1,-1,-1,-1
6,4,541.2924367256105,448.0,47.162096282872994,148.5437169350264,-1,-1,-1,-1
6,5,444.47536192763755,440.0,58.876310437683,155.10466620520288,-1,-1,-1,-1
6,6,612.3025107052247,432.0,25.47116759266919,120.63455052159657,-1,-1,-1,-1
6,7,1174.4491941708138,432.0,13.247423117107928,87.87722841852326,-1,-1,-1,-1
6,8,945.826112022563,432.00000000000006,14.561733399096738,88.27281984603206,-1,-1,-1,-1
7,0,1375.233279498782,424.0,43.748979253695325,186.8414302956777,-1,-1,-1,-1
7,1,650.1715529619895,432.0,62.80548223278129,159.18182587307683,-1,-1,-1,-1
7,2,586.6689377145699,432.0,38.46830290766161,149.32817687864224,-1,-1,-1,-1
7,3,442.27436933420245,440.0,47.48066995735019,157.90951366469562,-1,-1,-1,-1
7,4,566.7780396951011,440.0,27.048359121791236,151.7044153130248,-1,-1,-1,-1
7,5,1460.5528145716144,440.0,13.334115074198053,146.75166167209636,-1,-1,-1,-1
8,0,1376.1001436309127,424.0,17.679763507587268,192.2165739368952,-1,-1,-1,-1
8,1,651.0624549752155,440.0,54.70469352907878,155.25506803094254,-1,-1,-1,-1
8,2,1436.8739691263286,440.0,51.7212180589911,154.0200649375264,-1,-1,-1,-1
8,3,512.4515377848252,448.0,57.10636356719408,150.4965322654964,-1,-1,-1,-1
8,4,437.27386871774263,448.0,52.07914089801932,151.65925809192333,-1,-1,-1,-1
8,5,606.851451295454,440.0,24.019844964742674,116.57122067051216,-1,-1,-1,-1
8,6,613.1963462224587,439.99999999999994,21.460151031082773,110.23924564879798,-1,-1,-1,-1
8,7,941.5574822734817,432.0,20.867684153921005,94.55851448483327,-1,-1,-1,-1
8,8,1161.18270361062,432.0,17.30938892508925,91.38477592288268,-1,-1,-1,-1
8,9,1158.8576402171727,432.0,14.3345223397871,88.78277395841303,-1,-1,-1,-1
8,10,812.1085063224889,440.00000000000006,6.2275228257338995,59.69306470002613,-1,-1,-1,-1
9,0,1386.2901598247495,424.0,18.284242270001187,190.54378505359705,-1,-1,-1,-1
9,1,658.4864253038154,440.00000000000006,39.43108873526194,149.03197529731239,-1,-1,-1,-1
9,2,651.7785179356587,440.0,52.82933372317518,157.03450467256448,-1,-1,-1,-1
9,3,1435.1852921605573,440.0,51.88692763813219,152.16814617390946,-1,-1,-1,-1
9,4,437.3443157130264,448.0,52.11738818911152,148.12559071895635,-1,-1,-1,-1
9,5,536.6455670001324,448.0,32.56286419713706,148.0079472707398,-1,-1,-1,-1
9,6,609.2717172628459,439.99999999999994,21.268956507183475,116.17369718327808,-1,-1,-1,-1
9,7,935.8517479739687,432.0000000000001,22.774479870135337,93.21712908802033,-1,-1,-1,-1
9,8,1175.6181007473074,432.0,11.648625162511735,92.15714146325342,-1,-1,-1,-1
9,9,1159.8850184175026,432.0,11.539568095775849,89.48680810174699,-1,-1,-1,-1
9,10,1152.0,440.0,13.657503485037068,82.61816237220751,-1,-1,-1,-1
9,11,820.2420580995812,440.0,6.921719070856966,59.41026877617958,-1,-1,-1,-1
9,12,806.6618188341829,440.00000000000006,20.417957578124742,58.84908184941469,-1,-1,-1,-1
10,0,1387.41879414615,424.0,18.3236066068971,197.13753767713217,-1,-1,-1,-1
10,1,665.3020800675563,440.0,28.38992458247469,171.32686653927692,-1,-1,-1,-1
10,2,650.4320162486874,440.0,59.22351504650226,159.11312778416698,-1,-1,-1,-1
10,3,1434.6727603178108,440.0,44.09235300643627,154.25311150293146,-1,-1,-1,-1
10,4,429.6687406693261,448.0,55.989354443837044,146.16433566954026,-1,-1,-1,-1
10,5,526.4658753131453,448.0,39.974002097593484,148.23188691682253,-1,-1,-1,-1
10,6,933.4395932751132,432.0,21.53482518928763,94.66225290571515,-1,-1,-1,-1
10,7,1172.5802903042443,432.0,10.527320243896384,89.72088594429465,-1,-1,-1,-1
10,8,1163.4195066326688,432.0,6.747547537040191,88.42200248209201,-1,-1,-1,-1
10,9,820.388454862318,440.0,6.41897808559861,67.03496026175657,-1,-1,-1,-1
10,10,803.0006667267946,440.0,15.442878309712,62.62064665042885,-1,-1,-1,-1
10,11,751.6858120561665,432.0,20.550745461623592,57.95317924096685,-1,-1,-1,-1
11,0,1396.6434722483518,424.0,13.00038766847365,195.16382311395807,-1,-1,-1,-1
11,1,672.0,440.0,17.580935402923842,170.2265642601111,-1,-1,-1,-1
11,2,657.8545062591899,440.00000000000006,28.938152033302913,159.44529916458356,-1,-1,-1,-1
11,3,1430.889788681116,440.0,40.386865591348624,158.03646518620985,-1,-1,-1,-1
11,4,428.4355545858597,448.0,55.37857690310915,153.85688736157465,-1,-1,-1,-1
11,5,516.8552447430158,448.0,56.5287248931769,143.40506360786026,-1,-1,-1,-1
11,6,1165.1724298678766,432.0,14.271754850455636,86.0867390399469,-1,-1,-1,-1
11,7,1168.4277834144054,432.0,7.5722165855945605,88.85890485321386,-1,-1,-1,-1
12,0,1395.539282818692,424.0,13.67075351239896,196.12055192954472,-1,-1,-1,-1
12,1,658.8817009377567,440.0,24.597985806471456,147.25124231869972,-1,-1,-1,-1
12,2,1437.902664226217,440.0,29.18917093522623,160.5484512368423,-1,-1,-1,-1
12,3,560.6267250234022,440.0,20.255366579792394,152.73705567237994,-1,-1,-1,-1
12,4,429.3237887717014,448.0,51.631089792267915,146.3108009750796,-1,-1,-1,-1
12,5,513.3601762200576,448.0,51.29457111582269,144.62715009364194,-1,-1,-1,-1
12,6,1165.3596287149421,432.0,15.213114003234296,84.32444630026987,-1,-1,-1,-1
12,7,1163.9339613586321,432.0,12.859331056308974,89.4336018884128,-1,-1,-1,-1
13,0,1387.299259279838,424.0,59.804078840658576,198.3299203433794,-1,-1,-1,-1
13,1,639.2066579379363,431.99999999999994,37.59375830319186,178.85246255139617,-1,-1,-1,-1
13,2,548.4231111979217,440.0,39.814282477405754,151.346385971543,-1,-1,-1,-1
13,3,421.82496858795,448.0,58.3277225177647,153.88712863695844,-1,-1,-1,-1
13,4,512.0594814810498,448.0,49.05678089771516,147.12678921725285,-1,-1,-1,-1
13,5,1162.2932937806609,432.0,9.036700558599478,89.10826253983362,-1,-1,-1,-1
14,0,1385.208552449895,424.0,65.93401892973316,202.2083054486584,-1,-1,-1,-1
14,1,642.2601212045372,431.99999999999994,30.367870807710005,176.63221306019108,-1,-1,-1,-1
14,2,550.5092464019469,440.0,30.095697051476236,149.20730749817517,-1,-1,-1,-1
14,3,420.54879604178495,448.0,56.41042637922942,154.17302566421108,-1,-1,-1,-1
14,4,509.80480923928843,448.0,49.25173873032628,147.82913283358903,-1,-1,-1,-1
14,5,1164.1920006765513,432.0,19.25519369820472,87.63282770101591,-1,-1,-1,-1
14,6,1160.0813995282845,432.0,11.025166900600198,88.80010512991407,-1,-1,-1,-1
15,0,621.72295665609,424.0,58.146576630693744,180.1903625622981,-1,-1,-1,-1
15,1,1397.7906656225666,424.0,29.00514150649542,201.40495284585108,-1,-1,-1,-1
15,2,529.2309835324936,448.0,66.14557972173316,157.59646722480284,-1,-1,-1,-1
15,3,564.8156814399109,440.0,13.30539551797915,140.0142124198868,-1,-1,-1,-1
15,4,411.48260582457397,448.0,54.07609142620845,149.42502662114498,-1,-1,-1,-1
15,5,500.26475220352756,448.0,51.73807346561978,149.00338752207563,-1,-1,-1,-1
15,6,1154.8181953887156,432.0,30.263657023558608,77.84648079895283,-1,-1,-1,-1
15,7,1149.3495182920533,432.0,3.4648427872014054,88.32619417656792,-1,-1,-1,-1
16,0,1375.7880304223415,423.99999999999994,67.29757069437824,187.19339290245847,-1,-1,-1,-1
16,1,632.0716513979537,424.0,25.286730271021725,180.51535217925516,-1,-1,-1,-1
16,2,545.1266549632121,440.0,53.99063707862513,154.01231605369867,-1,-1,-1,-1
16,3,406.57963468239495,448.0,51.63065775692871,153.2412491351172,-1,-1,-1,-1
16,4,493.8651552312732,448.0,45.349756236327835,148.51186307744592,-1,-1,-1,-1
16,5,1152.2619327900616,432.0,28.010146149920274,83.77495628566476,-1,-1,-1,-1
16,6,1149.3495182920533,432.0,3.4648427872014054,88.32619417656792,-1,-1,-1,-1
17,0,1385.0511373947825,423.99999999999994,38.36027796137,195.2834753158059,-1,-1,-1,-1
17,1,610.9277905839563,424.0,46.131041893327165,190.5289936696065,-1,-1,-1,-1
17,2,548.575305449029,440.0,43.55725271474887,151.35105382928998,-1,-1,-1,-1
17,3,398.32854325437586,448.0,54.5552535407615,154.78712938448552,-1,-1,-1,-1
17,4,484.5527198303854,448.0,50.50438594450418,146.8298736393814,-1,-1,-1,-1
17,5,1145.1868861994622,432.0,24.75088563175632,88.81847261935923,-1,-1,-1,-1
17,6,1144.6017957865251,432.0,11.784641984097334,89.57071185854784,-1,-1,-1,-1
17,7,1146.4105486357485,432.0,6.070492005259439,88.57897774220464,-1,-1,-1,-1
18,0,1376.7285983770475,424.00000000000006,63.33316315306433,209.42228888595702,-1,-1,-1,-1
18,1,618.5305901092452,431.99999999999994,22.6346269470979,179.2197751848941,-1,-1,-1,-1
18,2,545.1199053248247,440.0,25.925388673347584,154.42973214706672,-1,-1,-1,-1
18,3,390.12963966796406,448.0,54.975173729564744,156.30300320433844,-1,-1,-1,-1
18,4,480.5528965631906,448.0,46.157130661681265,144.87658639491497,-1,-1,-1,-1
18,5,1141.2156780185246,432.0,6.9587863982210365,91.34488807218986,-1,-1,-1,-1
18,6,1150.6611130719211,432.0,3.2781075763170975,86.77038586109347,-1,-1,-1,-1
18,7,1135.9610971181064,440.0,16.88303930656707,83.47593460808457,-1,-1,-1,-1
19,0,1404.082100625905,424.00000000000006,8.986235901802502,219.68950646187324,-1,-1,-1,-1
19,1,615.6000885104413,431.99999999999994,14.840484114156197,185.50917258899364,-1,-1,-1,-1
19,2,384.6927004437523,448.0,52.9222211079541,152.29910863963846,-1,-1,-1,-1
19,3,551.9241437611233,440.0,22.92744679642533,147.43914448716828,-1,-1,-1,-1
19,4,507.832997496605,448.0,44.16700250339488,145.04430849539426,-1,-1,-1,-1
19,5,1135.0017613663845,432.00000000000006,21.492446199035612,87.35060254515798,-1,-1,-1,-1
19,6,1135.9705271025355,440.0000000000001,6.920063627512718,84.45999944903247,-1,-1,-1,-1
