1,0,1365.5101012973612,439.99999999999994,92.4586290598802,299.2441372492793,-1,-1,-1,-1
1,1,466.17648002716896,464.0,81.91628193572888,227.56373798773996,-1,-1,-1,-1
1,2,585.9174436861124,464.0,88.77355074885236,224.19136127487866,-1,-1,-1,-1
1,3,687.9754108492455,472.0,25.105129854807046,143.58432275570885,-1,-1,-1,-1
1,4,1012.984353833634,439.9999999999999,39.200050400468626,94.60615606847193,-1,-1,-1,-1
1,5,996.383736468408,440.0000000000001,44.74851679388871,95.57886997303592,-1,-1,-1,-1
1,6,742.4353191928699,472.0,6.696152935696432,89.90890457570697,-1,-1,-1,-1
1,7,1270.1260692764708,456.0,2.771859973315486,84.16525286427293,-1,-1,-1,-1
2,0,1365.1231019250502,439.99999999999994,100.89704538487285,305.3867807391957,-1,-1,-1,-1
2,1,460.13763278328406,464.0,79.90465887833079,228.0117554003673,-1,-1,-1,-1
2,2,587.0134502073635,464.0,96.62529660583766,223.1959621903718,-1,-1,-1,-1
2,3,653.9725177077403,472.0,52.66950681228582,158.52844599511923,-1,-1,-1,-1
2,4,689.044948509412,472.0,15.068413406016361,145.44443799941246,-1,-1,-1,-1
2,5,1015.3328247626014,448.0,37.08874014506432,91.72480116145425,-1,-1,-1,-1
2,6,991.4265748151823,439.9999999999999,48.65937839183391,94.24203322532514,-1,-1,-1,-1
2,7,743.8925156907532,472.0,5.685730507517974,91.91984984539522,-1,-1,-1,-1
2,8,1262.0242664922234,456.00000000000006,20.60774981046916,87.15861301866533,-1,-1,-1,-1
3,0,1374.9265934219147,439.99999999999994,106.84783496770615,300.8481051440894,-1,-1,-1,-1
3,1,468.4667347439822,464.0,82.11621495477914,221.6433017666833,-1,-1,-1,-1
3,2,594.3666860142467,464.0,88.84400068157777,221.4414155429714,-1,-1,-1,-1
3,3,663.1973266078471,464.0,45.00684910343057,159.28234526840254,-1,-1,-1,-1
3,4,1015.1466208117016,439.9999999999999,35.22500617672051,96.57593848730266,-1,-1,-1,-1
3,5,742.5377487513053,472.0,6.139384371706797,92.55180786792926,-1,-1,-1,-1
3,6,1269.7168863845077,456.00000000000006,2.9147799551624303,86.59924310466982,-1,-1,-1,-1
4,0,1377.1478620257785,440.0,119.65829523836601,307.4781096896535,-1,-1,-1,-1
4,1,467.81575624150054,464.0,83.35638293325843,222.55703763759516,-1,-1,-1,-1
4,2,588.1604726574126,464.0,81.99364913712589,222.9900870251039,-1,-1,-1,-1
4,3,656.0216537650149,464.0,50.56539376166711,165.21738126445052,-1,-1,-1,-1
4,4,1022.4188024842944,447.9999999999999,11.228646298628178,85.06626846601637,-1,-1,-1,-1
4,5,981.0325139355618,440.0000000000001,65.03963527042742,101.41935649990774,-1,-1,-1,-1
4,6,738.9925360967495,472.0,9.472188720731538,92.33332053530717,-1,-1,-1,-1
4,7,1268.0168528312072,456.00000000000006,10.598385796510229,86.78371330364274,-1,-1,-1,-1
5,0,1419.0398569838055,440.0,69.53935618714013,321.10557980408873,-1,-1,-1,-1
5,1,471.22166213058506,464.0,77.82807590031155,214.7838433122854,-1,-1,-1,-1
5,2,592.5572561044885,464.0,85.43660825316374,221.83066309380126,-1,-1,-1,-1
5,3,658.0343054016932,464.0,43.1812588842065,162.91542726494583,-1,-1,-1,-1
5,4,1013.477691436039,447.9999999999999,36.934939674628254,89.89090870960285,-1,-1,-1,-1
5,5,1015.8346034080795,440.0000000000001,33.10895668982687,94.65590139883295,-1,-1,-1,-1
5,6,739.673500701983,472.0,9.347308004395359,95.53883044802387,-1,-1,-1,-1
5,7,1268.8813140503287,456.00000000000006,7.7280501769871535,87.91771743216401,-1,-1,-1,-1
6,0,1434.2424160006078,440.0,25.595009768645014,309.78277358967784,-1,-1,-1,-1
6,1,1505.160653765914,448.0,58.836516750651754,288.0506389849552,-1,-1,-1,-1
6,2,467.91617589730566,464.0,83.55524160254828,221.0588409888046,-1,-1,-1,-1
6,3,541.0903369572162,464.0,129.9336993435437,225.43931884329413,-1,-1,-1,-1
6,4,653.8874553474774,464.0,51.53666708653793,162.1772183109124,-1,-1,-1,-1
6,5,1389.967578266625,447.99999999999994,11.640733078914081,106.47401707881119,-1,-1,-1,-1
6,6,1013.0953006179734,447.9999999999999,34.27436652882875,89.56927665973092,-1,-1,-1,-1
6,7,1017.230312060453,440.0000000000001,30.96923412772469,94.92372989906903,-1,-1,-1,-1
6,8,740.2360650899792,472.0,8.916264203590458,94.74083749660292,-1,-1,-1,-1
6,9,1264.1736715421496,456.00000000000006,16.069304660717307,88.58729717731734,-1,-1,-1,-1
7,0,465.84780036676204,464.0,81.92258789623486,228.36201272982794,-1,-1,-1,-1
7,1,586.7137041241756,464.0,88.15672846301266,223.45715698850984,-1,-1,-1,-1
7,2,658.1979665078702,464.0,43.64837456284715,157.62830232707927,-1,-1,-1,-1
7,3,1388.8062969920802,448.0,14.563882864342759,103.88070703691301,-1,-1,-1,-1
7,4,1014.8537691493528,447.9999999999999,32.263964999342875,88.37570712488093,-1,-1,-1,-1
7,5,988.5385442338062,440.0000000000001,53.99666425112184,97.07738243476012,-1,-1,-1,-1
7,6,736.0065729588105,472.0,13.158474962182595,94.34289455178498,-1,-1,-1,-1
7,7,1263.2951873560778,456.00000000000006,17.567963786867494,87.03267399952864,-1,-1,-1,-1
8,0,1502.7841304323338,448.0,76.04104401192035,295.0002283866711,-1,-1,-1,-1
8,1,493.9481038151292,464.0,49.62648245619124,221.07951328745753,-1,-1,-1,-1
8,2,589.5463109829307,464.0,94.71170431751284,222.92775091318686,-1,-1,-1,-1
8,3,655.2330577838882,464.0,51.414984964094856,159.28819592805564,-1,-1,-1,-1
8,4,1395.3097843586613,448.00000000000006,5.619168619591392,104.582694181416,-1,-1,-1,-1
8,5,1014.0937954892674,447.9999999999999,33.726848785718175,84.15226949021815,-1,-1,-1,-1
8,6,987.2283717916882,440.0000000000001,52.06541915581056,93.41921337094698,-1,-1,-1,-1
8,7,742.2296702933858,472.0,8.234832938985164,92.36337526123918,-1,-1,-1,-1
8,8,1263.9012122540094,456.00000000000006,14.905625893909246,87.48463073479951,-1,-1,-1,-1
9,0,1432.3523249663383,439.99999999999994,90.68073593706276,308.5647606813216,-1,-1,-1,-1
9,1,1545.667065289264,456.00000000000006,22.332934710736026,274.4484597070303,-1,-1,-1,-1
9,2,489.6495706084566,464.0,50.6164963084953,228.8742963033228,-1,-1,-1,-1
9,3,597.6916380198486,464.0,76.00173274509143,227.8980166291501,-1,-1,-1,-1
9,4,656.6454692252851,464.0,47.87676361615809,156.37768863443773,-1,-1,-1,-1
9,5,1386.371601499758,448.0,24.85762154198119,105.59611282109927,-1,-1,-1,-1
9,6,738.8594881203762,472.0,18.8041723197382,89.50187847430095,-1,-1,-1,-1
9,7,977.3947023474358,440.0000000000001,70.35334217897832,100.30014042563221,-1,-1,-1,-1
9,8,1078.185378385009,448.00000000000006,33.84173795544075,91.475590043414,-1,-1,-1,-1
9,9,1263.7716451367887,456.00000000000006,15.032256993311194,87.93698618332331,-1,-1,-1,-1
10,0,1462.4386017151155,440.0,44.92585295796516,309.84480044382497,-1,-1,-1,-1
10,1,1553.669751678142,456.00000000000006,22.330248321858107,276.0855186676036,-1,-1,-1,-1
10,2,493.5618066303297,464.0,50.664195650068734,220.52226089807664,-1,-1,-1,-1
10,3,595.7046868660427,464.0,80.71300661171699,224.16327711164206,-1,-1,-1,-1
10,4,657.0551014022301,464.0,44.7733349813052,157.4323425535241,-1,-1,-1,-1
10,5,1395.6971016797913,448.0,7.590660511505575,105.1415869893143,-1,-1,-1,-1
10,6,744.0,464.0,9.070521742950405,91.89555183362256,-1,-1,-1,-1
10,7,1020.5645744347826,440.0000000000001,31.731500153022125,96.10984266259265,-1,-1,-1,-1
10,8,1105.4292511452782,448.00000000000006,12.816635961798738,94.92292494191389,-1,-1,-1,-1
10,9,1264.9907791234368,456.00000000000006,10.020586355830346,87.52998064933814,-1,-1,-1,-1
11,0,1465.360806974439,440.0,53.714632642586594,309.8627178483807,-1,-1,-1,-1
11,1,1561.2279402026757,456.00000000000006,22.772059797324346,275.9349897643604,-1,-1,-1,-1
11,2,463.696205087965,464.0,110.20886218623212,225.09207054240096,-1,-1,-1,-1
11,3,586.2387746424206,464.0,91.10887107203757,226.59293959709373,-1,-1,-1,-1
11,4,661.8475931133937,464.0,37.47178205525961,156.2887128363218,-1,-1,-1,-1
11,5,1391.9878593463607,448.0,19.211566090927818,104.3042872356707,-1,-1,-1,-1
11,6,742.8564755037361,463.99999999999994,9.646878209476768,100.41339221390643,-1,-1,-1,-1
11,7,1073.0672719433192,448.00000000000006,47.31466352181633,90.86392285006463,-1,-1,-1,-1
11,8,1021.9719240002928,440.0,22.621515753006634,93.51786382690977,-1,-1,-1,-1
11,9,1264.9907791234368,456.00000000000006,10.020586355830346,87.52998064933814,-1,-1,-1,-1
12,0,1569.176074292855,456.00000000000006,22.82392570714501,277.57559102920465,-1,-1,-1,-1
12,1,466.2943013628623,464.0,83.82044697195107,225.6885857144266,-1,-1,-1,-1
12,2,585.928558171801,464.0,88.31158313827052,225.59284169098532,-1,-1,-1,-1
12,3,657.1404105500098,464.0,49.28301385615282,158.22976987389757,-1,-1,-1,-1
12,4,1403.6121048078842,448.0,10.779334018214058,104.6762841596152,-1,-1,-1,-1
12,5,737.6644101424649,472.0,17.54310141601968,91.33964559518415,-1,-1,-1,-1
12,6,1017.0419154232884,448.00000000000006,22.34353955432607,88.38710857004565,-1,-1,-1,-1
12,7,1065.7179328574905,448.0,51.63437312080259,91.41377323867789,-1,-1,-1,-1
12,8,1267.9056418293494,456.00000000000006,6.145213538592998,86.97948692042706,-1,-1,-1,-1
13,0,480.1286998029766,464.0,122.33820452066811,228.7169274099067,-1,-1,-1,-1
13,1,587.0226190152481,464.0,89.21846554077649,224.0400178766555,-1,-1,-1,-1
13,2,669.2601456510636,464.0,34.17637644474257,158.78063742221627,-1,-1,-1,-1
13,3,1404.8847539998308,448.0,9.24116169212698,104.11074526524055,-1,-1,-1,-1
13,4,739.1356416375806,471.99999999999994,23.053339657728998,96.90886111788615,-1,-1,-1,-1
13,5,1015.0673289851039,448.00000000000006,28.267501005436202,91.44044195544694,-1,-1,-1,-1
13,6,1017.6562228579896,448.00000000000006,14.602934749000497,88.31410055874375,-1,-1,-1,-1
13,7,933.7594007358525,440.00000000000006,29.52705642072067,88.31244734639739,-1,-1,-1,-1
13,8,1264.2772786383402,456.00000000000006,11.8944107568459,88.75450092613784,-1,-1,-1,-1
14,0,509.5781205326621,464.0,57.39112181356967,232.62514116448278,-1,-1,-1,-1
14,1,588.3597001992049,464.0,86.0608664578516,226.27614497773368,-1,-1,-1,-1
14,2,677.4999564898145,464.0,21.01475901852757,159.11983186131977,-1,-1,-1,-1
14,3,1413.9731969674792,448.0,5.576324211752308,104.40210696579868,-1,-1,-1,-1
14,4,738.5153466602914,472.0,29.402835212783657,96.5970432424931,-1,-1,-1,-1
14,5,1010.8908250918414,448.00000000000006,24.543236257318085,88.11302551566786,-1,-1,-1,-1
14,6,1264.0442014677542,456.00000000000006,12.025737465527072,85.00319778100499,-1,-1,-1,-1
15,0,490.89905738904037,464.0,77.51704431075649,222.82841060560838,-1,-1,-1,-1
15,1,588.2917157030702,464.0,89.81528137283408,222.59713003528566,-1,-1,-1,-1
15,2,673.4995116345301,464.0,21.30353282859801,159.75143253254384,-1,-1,-1,-1
15,3,1411.508624266328,448.0,12.301676330568398,102.04103183127188,-1,-1,-1,-1
15,4,738.0883008612691,471.99999999999994,24.841096193754765,89.71867932354502,-1,-1,-1,-1
15,5,1013.124355052711,448.00000000000006,25.953087201501376,85.8691783247969,-1,-1,-1,-1
15,6,1265.0443126998246,456.00000000000006,9.879149210338255,87.2975356782278,-1,-1,-1,-1
16,0,509.67167287311946,464.0,73.86454441805967,216.72487990391824,-1,-1,-1,-1
16,1,590.2288496410092,464.0,86.11124739976799,229.04905613082656,-1,-1,-1,-1
16,2,680.3676508735989,472.0,17.875340516798587,155.21975203184945,-1,-1,-1,-1
16,3,1412.2689093483555,448.0,7.599630866970983,103.77361393008766,-1,-1,-1,-1
16,4,736.3887703960257,472.0,20.791700582331373,94.56789530690139,-1,-1,-1,-1
16,5,1018.5336865050687,448.00000000000006,23.60705296390222,86.04556373186693,-1,-1,-1,-1
16,6,1270.2986056745674,456.00000000000006,2.2972889580373703,87.39783168525383,-1,-1,-1,-1
17,0,512.0,464.0,60.699062579404426,233.0773005974828,-1,-1,-1,-1
17,1,590.18450257019,464.0,86.42950424071569,228.82687836840648,-1,-1,-1,-1
17,2,667.7644066306576,472.0,33.87776477055206,159.66885613922284,-1,-1,-1,-1
17,3,1410.6357185073152,448.0,17.65906581385434,101.07921035083973,-1,-1,-1,-1
17,4,736.9405767515783,472.0,19.194752082929085,78.2593642035389,-1,-1,-1,-1
17,5,1005.2508115812586,448.00000000000006,29.529636319233987,86.22311004512886,-1,-1,-1,-1
17,6,1264.0442014677542,456.00000000000006,12.025737465527072,85.00319778100499,-1,-1,-1,-1
18,0,513.5352960882187,464.0,55.49792685194029,228.00282354267847,-1,-1,-1,-1
18,1,597.7757851210959,464.0,81.34605508021855,226.29157006607898,-1,-1,-1,-1
18,2,664.7947791063991,472.0,34.95520213736904,157.12544995587234,-1,-1,-1,-1
18,3,1415.7257909566097,447.99999999999994,12.537447509285357,98.4716526355025,-1,-1,-1,-1
18,4,731.7939667938361,472.00000000000006,25.80455249312729,94.89692513260951,-1,-1,-1,-1
18,5,1019.6447635156144,448.00000000000006,19.0308984824901,86.97733994229844,-1,-1,-1,-1
18,6,1269.4632868452763,456.00000000000006,3.3094190412257376,87.44738078374138,-1,-1,-1,-1
