1,0,1365.8731983833347,576.0,75.61329026156295,188.30131395519993,-1,-1,-1,-1
1,1,348.38709297202047,404.2611143520263,149.61254954017636,239.01993039928345,-1,-1,-1,-1
1,2,128.74495922390793,568.0,126.96327384387814,130.03013436552862,-1,-1,-1,-1
1,3,258.61169414459494,384.0,66.56262363498422,186.0803537138687,-1,-1,-1,-1
1,4,1742.623758771415,480.0,57.394056942840734,175.8405177448957,-1,-1,-1,-1
1,5,991.6722145652133,143.99999999999994,92.06670726224831,148.51274401899644,-1,-1,-1,-1
1,6,531.1246005583872,151.99999999999994,45.78280009418279,159.1201327263089,-1,-1,-1,-1
1,7,800.6464422623982,160.0,43.57287472619248,151.37526581318116,-1,-1,-1,-1
1,8,873.854206940794,135.99999999999994,61.00339063313038,157.98706437219658,-1,-1,-1,-1
1,9,1466.3325556003465,255.99999999999994,14.75627448608111,150.90155972111057,-1,-1,-1,-1
1,10,1797.560572405053,224.0,47.650931832738024,148.93731615578145,-1,-1,-1,-1
1,11,376.0341534839008,95.99999999999994,32.52220747154183,147.2268122960619,-1,-1,-1,-1
1,12,258.35447106709023,103.99999999999994,41.41016648836671,155.29604712921787,-1,-1,-1,-1
1,13,1485.3825579978165,88.0,35.86743532176706,126.75318211622829,-1,-1,-1,-1
1,14,374.2127302651968,88.00000000000006,36.26693151503832,128.60468790611532,-1,-1,-1,-1
1,15,502.5788724188299,64.0,32.59514119354725,108.48520750994658,-1,-1,-1,-1
2,0,1367.6039537924962,576.0,74.2471286865557,191.6615579771709,-1,-1,-1,-1
2,1,357.75440988904893,385.0343562192402,122.6520655697193,259.01014057819975,-1,-1,-1,-1
2,2,126.89896564816502,568.0,115.82422303146427,120.03512353532165,-1,-1,-1,-1
2,3,260.60083896022104,384.0,58.7737254554504,188.67408248540926,-1,-1,-1,-1
2,4,1740.309109830093,480.0,56.86444889669019,175.9932421991009,-1,-1,-1,-1
2,5,991.8319376930676,143.99999999999994,102.73673544243502,153.28652997581617,-1,-1,-1,-1
2,6,527.9067007670142,151.99999999999994,61.836923468969644,161.7827141129389,-1,-1,-1,-1
2,7,798.2209431324557,160.0,51.23469740254768,151.62629916923095,-1,-1,-1,-1
2,8,852.4919625501833,135.99999999999994,82.56629142946178,167.93494650599655,-1,-1,-1,-1
2,9,1464.4124064890564,255.99999999999994,15.587593510943634,155.83284931128122,-1,-1,-1,-1
2,10,1803.913282987962,224.00000000000006,45.05261992256578,156.67427670453128,-1,-1,-1,-1
2,11,368.5844923465082,95.99999999999994,53.66706524239771,145.52640075215731,-1,-1,-1,-1
2,12,258.4170653993094,103.99999999999994,87.59485527975733,155.54809393224093,-1,-1,-1,-1
2,13,1484.3689250854381,80.0,32.61634988127389,129.9641162417115,-1,-1,-1,-1
2,14,371.0831915725512,88.00000000000006,40.092290334648396,133.86570282112905,-1,-1,-1,-1
2,15,502.63086852394406,64.0,35.97701421543627,113.0762277553788,-1,-1,-1,-1
3,0,1367.6039537924962,576.0,74.2471286865557,191.6615579771709,-1,-1,-1,-1
3,1,393.30293608007344,424.0,58.65021681212602,194.03781068149613,-1,-1,-1,-1
3,2,126.70581493860652,568.0,116.03470156958599,120.0618409205008,-1,-1,-1,-1
3,3,231.2900780985368,384.0,252.89259109768568,211.7984549061424,-1,-1,-1,-1
3,4,1735.5754865090921,480.0,63.69905670018943,178.65114876039127,-1,-1,-1,-1
3,5,1050.9285287646574,143.99999999999994,51.018160050599136,146.0447529505912,-1,-1,-1,-1
3,6,527.6675241795913,151.99999999999994,59.319714233366994,161.90374322029703,-1,-1,-1,-1
3,7,1453.0092047586556,256.0,25.912070845050494,160.2869642558619,-1,-1,-1,-1
3,8,1482.0499169594273,272.0,181.95008304057274,160.68928605980318,-1,-1,-1,-1
3,9,796.6044122371376,160.0,52.48038863142517,150.4780618553698,-1,-1,-1,-1
3,10,870.7749274585855,135.99999999999994,68.69118722898577,154.40641082875055,-1,-1,-1,-1
3,11,1801.6842114309381,224.00000000000006,46.403483210066724,154.13547836705612,-1,-1,-1,-1
3,12,353.16256944013855,120.0,46.84656961995074,136.5236090096805,-1,-1,-1,-1
3,13,373.40541596343144,95.99999999999994,42.31551241938848,135.7863326478901,-1,-1,-1,-1
3,14,261.3928251451115,112.0,41.504364248924276,149.96393627920708,-1,-1,-1,-1
3,15,1487.9736360676861,80.0,31.796650000219415,131.61098008725287,-1,-1,-1,-1
3,16,506.07598384845284,64.00000000000011,34.77212587475941,119.58237237618982,-1,-1,-1,-1
3,17,501.11815322244155,64.0,33.2654152573387,115.08742643743756,-1,-1,-1,-1
4,0,1364.7653170058447,576.0,80.45799234858737,197.55071000852934,-1,-1,-1,-1
4,1,315.1287042606134,395.97093879654665,205.20347369913316,206.0220304305152,-1,-1,-1,-1
4,2,126.88205980428893,568.0,117.23197163080658,120.54662021127967,-1,-1,-1,-1
4,3,254.5242968536861,384.0,59.967793450049726,182.92281709115377,-1,-1,-1,-1
4,4,1739.62337004156,480.0,56.08775546941547,170.51599801633722,-1,-1,-1,-1
4,5,995.8615059178948,143.99999999999994,99.77576209783354,150.45534495781635,-1,-1,-1,-1
4,6,534.4208861851348,151.99999999999994,51.42067802763131,155.39615567767402,-1,-1,-1,-1
4,7,1448.1603612005472,256.0,24.786494756230468,158.29179928445262,-1,-1,-1,-1
4,8,796.6035995851278,160.0,50.95929612052339,154.72635904300057,-1,-1,-1,-1
4,9,1500.7982256319274,271.99999999999994,169.68545511997786,162.0717924763382,-1,-1,-1,-1
4,10,877.3698189817795,135.99999999999994,59.77410965857314,157.94871118894008,-1,-1,-1,-1
4,11,1807.7788030748757,224.00000000000006,43.31930874335944,155.83651912533543,-1,-1,-1,-1
4,12,370.8211905291296,112.00000000000017,29.525752014448017,147.44691701447528,-1,-1,-1,-1
4,13,441.49485863840664,95.99999999999994,76.47979954426535,133.374990299079,-1,-1,-1,-1
4,14,369.24038640580113,95.99999999999994,50.10734165962572,139.42588205249893,-1,-1,-1,-1
4,15,254.97149210794146,103.99999999999994,74.80877175493742,147.98116594856015,-1,-1,-1,-1
4,16,1486.7096369722772,88.0,34.76541157515362,124.93218913902439,-1,-1,-1,-1
4,17,383.46945345533595,88.00000000000006,14.692097190805498,127.01822936637956,-1,-1,-1,-1
4,18,502.22656967682786,64.0,32.3387638517525,115.8389713002777,-1,-1,-1,-1
5,0,1364.7653170058447,576.0,80.45799234858737,197.55071000852934,-1,-1,-1,-1
5,1,360.655764243931,396.0969793399163,132.57373104251525,263.5397088277326,-1,-1,-1,-1
5,2,121.15380484281764,568.0,124.5475126187797,123.60835279857884,-1,-1,-1,-1
5,3,249.02920161213603,384.0,69.83828953517002,185.31736365662152,-1,-1,-1,-1
5,4,241.91073023539332,400.0,70.16681577893246,171.4520854675809,-1,-1,-1,-1
5,5,1740.3082037702707,480.0,51.04210692795323,168.6986896350827,-1,-1,-1,-1
5,6,532.2625070158502,151.99999999999994,55.35274448701341,159.46581363315516,-1,-1,-1,-1
5,7,961.4911983969783,152.0000000000001,134.59189002500932,150.3067541577417,-1,-1,-1,-1
5,8,796.0432907389802,160.0,67.48934678837054,148.27004887925722,-1,-1,-1,-1
5,9,1450.7022149132697,256.0,51.12745288090059,161.6917023103631,-1,-1,-1,-1
5,10,1480.0542086755072,271.99999999999994,197.6915434346297,151.0698256946696,-1,-1,-1,-1
5,11,843.7470823732627,135.99999999999994,94.34194919831714,161.07878438556662,-1,-1,-1,-1
5,12,1809.843863927828,224.00000000000006,48.63930076149586,160.7723976472052,-1,-1,-1,-1
5,13,407.5337592382243,95.99999999999994,95.19130456343669,139.4180272991448,-1,-1,-1,-1
5,14,369.35360977116386,95.99999999999994,48.77695737832494,142.84422557071161,-1,-1,-1,-1
5,15,251.9243973441953,112.0,76.4918098298059,149.95235261245824,-1,-1,-1,-1
5,16,256.68055327727586,120.00000000000006,44.0896831548331,139.3432857213495,-1,-1,-1,-1
5,17,1486.6038553725998,80.0,35.695646357255555,133.2287065066094,-1,-1,-1,-1
5,18,499.09692447377836,64.00000000000011,15.42870046207895,116.56431186144937,-1,-1,-1,-1
5,19,500.6830163464785,64.0,33.45620890533252,116.69040723885621,-1,-1,-1,-1
6,0,1364.7653170058447,576.0,80.45799234858737,197.55071000852934,-1,-1,-1,-1
6,1,381.9133639075702,424.0,65.36402051241203,202.4706493270313,-1,-1,-1,-1
6,2,120.82969539184501,568.0,132.23437199142893,117.81042533394259,-1,-1,-1,-1
6,3,248.12867710439605,384.0,61.82807834244363,183.7930160586152,-1,-1,-1,-1
6,4,1737.6044193789032,480.0,60.150135381549035,179.07287933311932,-1,-1,-1,-1
6,5,532.9963140703737,151.99999999999994,50.566598136394646,156.12193858664426,-1,-1,-1,-1
6,6,1053.1792023932094,152.0000000000001,43.25848912669085,142.3242092455506,-1,-1,-1,-1
6,7,797.9812190687861,160.0,58.90974930365098,147.41391778395155,-1,-1,-1,-1
6,8,1463.2697994400264,256.0,10.87242320041014,156.72466534190778,-1,-1,-1,-1
6,9,1551.7786544126425,271.99999999999994,104.22134558735752,153.79961105771037,-1,-1,-1,-1
6,10,896.0392907126939,135.99999999999994,49.35694646794093,152.2459762982126,-1,-1,-1,-1
6,11,1799.4141950329022,224.0,54.536450079875976,144.43302798993994,-1,-1,-1,-1
6,12,367.4631987780624,112.00000000000017,24.46185544799141,150.16864378666156,-1,-1,-1,-1
6,13,370.41151271141257,95.99999999999994,43.71353239419352,145.55009632240063,-1,-1,-1,-1
6,14,440.8386833412967,96.00000000000006,63.95638416450305,138.38684336718592,-1,-1,-1,-1
6,15,268.5590071378632,112.0,82.65858730490118,148.13157222666052,-1,-1,-1,-1
6,16,253.45444607425895,120.00000000000006,49.04558752119647,144.40020350628168,-1,-1,-1,-1
6,17,1487.9736360676861,80.0,31.796650000219415,131.61098008725287,-1,-1,-1,-1
6,18,312.008668330731,88.00000000000006,132.39977195627125,138.83051796647305,-1,-1,-1,-1
6,19,490.2919417366044,71.99999999999994,42.252579161293625,130.94152217914746,-1,-1,-1,-1
6,20,501.51158285140923,64.0,30.377390235270923,118.37519856691301,-1,-1,-1,-1
7,0,1372.5309658000092,576.0,67.98884385701194,207.8030287271124,-1,-1,-1,-1
7,1,411.851860556412,424.0,116.28116412685131,111.83403554857625,-1,-1,-1,-1
7,2,122.88304545212065,568.0,135.2057725720731,117.61269759899244,-1,-1,-1,-1
7,3,246.15204589363896,384.0,66.77530426628789,176.9292103537597,-1,-1,-1,-1
7,4,1736.6515008011854,480.0,61.420457491493835,178.5517913978457,-1,-1,-1,-1
7,5,525.6480778992574,152.0,49.41884004139399,156.1663730539915,-1,-1,-1,-1
7,6,1457.3985684963804,256.0,15.666589302393731,163.35811389330456,-1,-1,-1,-1
7,7,961.5664325252025,152.0,140.56889070386057,148.24942315004182,-1,-1,-1,-1
7,8,797.1819157766394,160.00000000000006,61.17706465593028,150.27973964417362,-1,-1,-1,-1
7,9,1562.2387645119675,271.99999999999994,95.76566168210957,154.78183055190078,-1,-1,-1,-1
7,10,859.8591041533628,143.99999999999994,70.02516913750844,173.29829758288685,-1,-1,-1,-1
7,11,1805.0542507738546,224.0,56.15856338311232,143.16439542186282,-1,-1,-1,-1
7,12,363.1089956756513,120.0,38.262607747940024,146.9749896284946,-1,-1,-1,-1
7,13,354.18541913311344,95.99999999999994,53.451822136606324,146.2677773913511,-1,-1,-1,-1
7,14,412.5393962278656,96.00000000000006,87.91642279263715,138.46228767703923,-1,-1,-1,-1
7,15,264.86602978496967,119.99999999999994,40.267149663497094,143.53331220325833,-1,-1,-1,-1
7,16,1489.759092812827,80.0,30.202681228475512,132.90888848161865,-1,-1,-1,-1
7,17,386.11080580758767,88.00000000000006,9.772629673757365,129.89204428731512,-1,-1,-1,-1
7,18,250.8835532552722,120.0,77.66787685354848,138.41471965688964,-1,-1,-1,-1
7,19,469.32030715109846,71.99999999999994,49.16922999709294,122.59325723813464,-1,-1,-1,-1
7,20,496.769216179055,64.00000000000011,15.230783820945021,114.21496016866058,-1,-1,-1,-1
7,21,499.4887657220793,64.0,36.60551570712926,117.3082324667671,-1,-1,-1,-1
8,0,1372.2512937022532,576.0,67.10776859172961,205.9414594401619,-1,-1,-1,-1
8,1,310.49877822614565,415.99999999999994,214.43208843367177,149.88688150680713,-1,-1,-1,-1
8,2,120.80220981647324,568.0,132.1386753246262,209.87444869728188,-1,-1,-1,-1
8,3,1736.4654259529834,480.0,28.064957299953676,176.03683626809084,-1,-1,-1,-1
8,4,526.3258882220096,152.0,50.4474181882822,162.04812570350964,-1,-1,-1,-1
8,5,245.9629476758065,384.0,60.941270451845185,178.20516571271662,-1,-1,-1,-1
8,6,1735.3782712234356,480.0,61.64825744806785,175.1881568353183,-1,-1,-1,-1
8,7,522.3389200910402,152.0,41.16019041881259,160.47126357210266,-1,-1,-1,-1
8,8,1454.4589604753487,248.0,14.864133867287364,165.55563435966303,-1,-1,-1,-1
8,9,954.2110652244805,152.0,154.08762046604352,152.4575012887169,-1,-1,-1,-1
8,10,795.2569080720875,160.00000000000006,58.69609806750168,150.40464995488156,-1,-1,-1,-1
8,11,1535.0039496754312,271.99999999999994,145.22702762584913,160.11474968725332,-1,-1,-1,-1
8,12,861.068660496361,143.99999999999994,77.16174924361314,156.83355239122233,-1,-1,-1,-1
8,13,1810.9679249214382,224.00000000000006,46.17336119319566,160.24366440107053,-1,-1,-1,-1
8,14,344.9396489836121,120.00000000000006,48.43045555007154,141.99551758368568,-1,-1,-1,-1
8,15,430.5641363447372,88.00000000000006,78.37006994826112,161.01160480948568,-1,-1,-1,-1
8,16,354.3149719569251,95.99999999999994,72.26796074618062,150.32802289785485,-1,-1,-1,-1
8,17,279.0437218889283,119.99999999999994,30.792713127981756,142.54474435508592,-1,-1,-1,-1
8,18,1492.1693666778492,80.0,27.22226103068465,133.04483800038406,-1,-1,-1,-1
8,19,249.6701890835194,119.99999999999994,44.5290234736799,145.31470195944445,-1,-1,-1,-1
8,20,371.04678018562777,88.00000000000006,38.21140870368731,133.52066058598763,-1,-1,-1,-1
8,21,499.09692447377836,64.00000000000011,15.42870046207895,116.56431186144937,-1,-1,-1,-1
8,22,506.3838099033795,64.0,24.32521061571805,117.7976048851084,-1,-1,-1,-1
9,0,1371.3600483468365,576.0,75.3608530445672,208.16477135189916,-1,-1,-1,-1
9,1,402.57469790157563,415.99999999999994,115.28261673993825,102.56509714428847,-1,-1,-1,-1
9,2,106.74613044957846,568.0,59.24330533324405,201.55103609234834,-1,-1,-1,-1
9,3,523.0371495270639,152.0,51.679488538826604,162.8910807049748,-1,-1,-1,-1
9,4,264.0,384.0,21.494863362895444,170.13944326002218,-1,-1,-1,-1
9,5,241.02191573679727,392.0,58.19988739967414,167.69929319493133,-1,-1,-1,-1
9,6,1733.432977669575,480.0,62.14040672556075,175.11078639468337,-1,-1,-1,-1
9,7,1440.2317625629767,248.0,47.719766014432935,167.2632072218555,-1,-1,-1,-1
9,8,1053.817277569166,152.0,33.95777546500858,150.88951015308328,-1,-1,-1,-1
9,9,797.2247372499794,160.00000000000006,68.82647876114584,141.9638842462859,-1,-1,-1,-1
9,10,885.0687066348084,143.99999999999994,53.297249474485625,148.32218645089222,-1,-1,-1,-1
9,11,1627.225049594839,272.0,52.58159866193341,162.9378797924411,-1,-1,-1,-1
9,12,1810.1770889263232,232.00000000000006,51.10586381238659,158.20786704587556,-1,-1,-1,-1
9,13,454.6808921618788,88.00000000000006,66.39502189064729,136.39158442152717,-1,-1,-1,-1
9,14,375.6855337159419,96.00000000000006,11.285025810407888,146.64430128769106,-1,-1,-1,-1
9,15,277.9326396039104,119.99999999999994,107.60005633750393,161.54400485845383,-1,-1,-1,-1
9,16,371.9763740896566,95.99999999999989,47.61777176414819,134.20211044921678,-1,-1,-1,-1
9,17,255.83781444287638,128.0,111.25199057218083,120.66840803545654,-1,-1,-1,-1
9,18,1489.3601451028483,80.0,29.212955814601855,132.80209939048592,-1,-1,-1,-1
9,19,253.88714463622,127.99999999999983,22.294865104867426,138.31954990373168,-1,-1,-1,-1
9,20,387.6535229723486,88.00000000000006,10.077896621319383,125.91464295712842,-1,-1,-1,-1
9,21,218.79952013735908,120.0,112.0440725933505,131.5418954545267,-1,-1,-1,-1
9,22,502.71787942544665,64.00000000000011,13.138299062892656,114.79240701798517,-1,-1,-1,-1
9,23,503.60783525818294,64.0,34.19912126383906,116.50286789033817,-1,-1,-1,-1
10,0,1364.7653170058447,576.0,80.45799234858737,197.55071000852934,-1,-1,-1,-1
10,1,383.75681813987967,415.99999999999994,106.84884571564226,229.75741107718653,-1,-1,-1,-1
10,2,108.61012520896281,568.0,63.1192148530655,201.08723264271123,-1,-1,-1,-1
10,3,519.4283163938139,152.0,56.429242166418135,162.5316917815008,-1,-1,-1,-1
10,4,1433.435344704727,248.0,50.0028134037625,167.52164452947994,-1,-1,-1,-1
10,5,1733.556153929244,480.0,58.93328946348902,172.3284184784311,-1,-1,-1,-1
10,6,266.5336611690459,376.0,35.38084774317531,165.99162586840873,-1,-1,-1,-1
10,7,242.20879084414662,384.0,59.41136619335691,161.99125268396313,-1,-1,-1,-1
10,8,992.1455222125676,152.0,108.10001063371396,152.49009762347276,-1,-1,-1,-1
10,9,794.0528697997827,160.00000000000006,67.34774452293857,148.31177421625438,-1,-1,-1,-1
10,10,1622.614720888211,271.99999999999994,52.847840340462426,164.19672225245256,-1,-1,-1,-1
10,11,888.0828085353596,143.99999999999994,48.870469343222794,164.71962223984934,-1,-1,-1,-1
10,12,1806.0790655556943,232.00000000000006,55.888333170371425,150.95562246131675,-1,-1,-1,-1
10,13,358.3022985882518,96.00000000000006,51.641505347765815,147.59253164766017,-1,-1,-1,-1
10,14,267.46198550309293,127.99999999999989,87.24496088786975,143.62757826349605,-1,-1,-1,-1
10,15,1492.1239768447572,80.0,27.22241220542901,132.94246482201748,-1,-1,-1,-1
10,16,256.0,127.99999999999983,24.765422931591615,140.56815687361336,-1,-1,-1,-1
10,17,375.47086742870147,88.00000000000006,37.08939662962973,129.1901648830895,-1,-1,-1,-1
10,18,252.47356046710877,120.0,73.87980908775023,140.45162294126737,-1,-1,-1,-1
10,19,506.0824074677255,64.00000000000011,10.699263864644081,120.19904375656392,-1,-1,-1,-1
10,20,501.0546124230881,64.00000000000011,34.38552230874052,114.83662993907404,-1,-1,-1,-1
11,0,1371.4531510049142,576.0,72.0783055443435,208.10980130713585,-1,-1,-1,-1
11,1,388.6036089745403,415.99999999999994,117.1834341100706,221.79270353572332,-1,-1,-1,-1
11,2,75.24700044667316,568.0,245.76091507765466,208.94466818232854,-1,-1,-1,-1
11,3,240.38731760790768,384.0,69.17553237381821,168.52000045705097,-1,-1,-1,-1
11,4,528.6983741537458,152.0,49.83109166967142,162.98075020081973,-1,-1,-1,-1
11,5,254.68300548582158,376.0,52.5245207785257,171.6501401547397,-1,-1,-1,-1
11,6,1736.6670420601615,480.0,55.91524858243315,169.994432813985,-1,-1,-1,-1
11,7,1048.174190426126,152.0,43.249395902175365,139.96431566564542,-1,-1,-1,-1
11,8,794.665322121788,160.00000000000006,59.62617091302013,149.25837801977258,-1,-1,-1,-1
11,9,1621.777398099343,271.99999999999994,52.879143755620134,164.36490904099645,-1,-1,-1,-1
11,10,888.6935660934455,143.99999999999994,52.34410431789547,150.40410609736057,-1,-1,-1,-1
11,11,1811.5950207790195,232.0,57.22866660632212,158.38668409648608,-1,-1,-1,-1
11,12,422.5386749604785,88.00000000000006,75.73474386769618,144.95708077128415,-1,-1,-1,-1
11,13,358.53049235241645,103.99999999999994,31.617765453712195,151.635584938696,-1,-1,-1,-1
11,14,1484.7817498604163,79.99999999999994,31.71171793758367,131.37162072989764,-1,-1,-1,-1
11,15,368.9534174199491,95.99999999999989,43.274424016985336,148.40877842872135,-1,-1,-1,-1
11,16,235.37427664076597,127.99999999999983,44.356443505594484,136.96654707165044,-1,-1,-1,-1
11,17,250.31017304042064,120.0,56.97430813335052,134.8101439589973,-1,-1,-1,-1
11,18,480.45815011844684,64.00000000000011,35.72918283340118,124.29878349407659,-1,-1,-1,-1
11,19,504.6434426355963,64.0,27.539326992845247,118.23326838278513,-1,-1,-1,-1
12,0,1372.940438127212,576.0,70.08122664286634,205.40438833768405,-1,-1,-1,-1
12,1,405.2721554257496,416.0,104.9172515609796,121.83754156542705,-1,-1,-1,-1
12,2,87.19698925553757,568.0,246.4124322248074,205.5657242407616,-1,-1,-1,-1
12,3,529.9946516743935,152.0,48.15070389879702,161.98874796152683,-1,-1,-1,-1
12,4,237.47276356118255,384.0,63.66742721090043,171.71613922691688,-1,-1,-1,-1
12,5,1732.3950666842434,480.0,58.97347382332373,169.95037230095613,-1,-1,-1,-1
12,6,246.38380783088598,376.0,49.98889112328084,168.34928963773348,-1,-1,-1,-1
12,7,973.5139815746174,152.0,127.25162292290133,147.9676147281088,-1,-1,-1,-1
12,8,795.7671161452301,160.00000000000006,49.647444488224664,148.39573690690804,-1,-1,-1,-1
12,9,1629.6609680845845,264.0,42.75111515066783,163.84413711861168,-1,-1,-1,-1
12,10,1624.696119910128,271.99999999999994,35.34959469562773,166.4317642745479,-1,-1,-1,-1
12,11,886.1841125241397,143.99999999999994,53.76401878251238,144.70630681200493,-1,-1,-1,-1
12,12,1815.166225639579,240.0,46.37854522371754,150.392010253982,-1,-1,-1,-1
12,13,391.85385807316595,88.00000000000006,117.35776216527597,142.0671717350503,-1,-1,-1,-1
12,14,1485.4248035533678,79.99999999999994,41.38591205306943,132.55714865911392,-1,-1,-1,-1
12,15,346.2361950685914,103.99999999999989,52.728000733424324,149.9746152836821,-1,-1,-1,-1
12,16,235.40467165099255,128.0,29.769278528408336,135.00093274154477,-1,-1,-1,-1
12,17,483.9001588047766,64.00000000000017,50.4187824795427,119.9464537231683,-1,-1,-1,-1
12,18,502.9234263024114,64.0,32.68619490117385,117.86694783081697,-1,-1,-1,-1
13,0,1372.7482257483948,576.0,70.66311609770742,207.4194755765203,-1,-1,-1,-1
13,1,369.9566712896559,409.2801850157133,137.43343526038865,202.2470970177502,-1,-1,-1,-1
13,2,83.61749844496353,568.0,242.01580070379896,203.5480667262931,-1,-1,-1,-1
13,3,529.1665210718896,152.0,47.5988499048201,166.78522548637125,-1,-1,-1,-1
13,4,1736.0181751152888,480.0,56.49399583910122,169.70028930436933,-1,-1,-1,-1
13,5,235.63151540991225,376.0,61.16727655103841,166.9571965754535,-1,-1,-1,-1
13,6,886.4947290100444,143.99999999999994,53.22168249918184,159.01909260926783,-1,-1,-1,-1
13,7,992.2550654971884,152.0,109.23389482501818,154.36362112892,-1,-1,-1,-1
13,8,794.7878267926604,160.00000000000006,57.98360424348073,148.07479153343257,-1,-1,-1,-1
13,9,1623.4971334030847,263.99999999999994,43.54017060514661,166.6696665848379,-1,-1,-1,-1
13,10,1815.9862187609458,240.0,49.138317251570015,153.293619246594,-1,-1,-1,-1
13,11,349.32958490772717,112.0,60.49165393107671,149.92215955419584,-1,-1,-1,-1
13,12,445.2013689003692,88.00000000000006,62.16288824640833,137.33242197435982,-1,-1,-1,-1
13,13,339.13715799302884,103.99999999999994,104.27094010239705,149.3973001227787,-1,-1,-1,-1
13,14,1488.8874482610252,79.99999999999994,32.20030918202269,133.55887703413714,-1,-1,-1,-1
13,15,246.36897911209894,127.99999999999983,46.399094536524785,129.7616611550281,-1,-1,-1,-1
13,16,262.5975108459396,120.0,64.26581842702433,168.92785374336177,-1,-1,-1,-1
13,17,509.6127377273785,63.99999999999994,14.008414347043129,118.9450514739176,-1,-1,-1,-1
13,18,503.5609709830064,64.00000000000011,30.437062040831734,115.38590876513234,-1,-1,-1,-1
14,0,1373.5204036391183,576.0,66.81211242437325,208.38483867057903,-1,-1,-1,-1
14,1,404.7266959099686,408.0,123.62772495002673,131.46942396536429,-1,-1,-1,-1
14,2,129.20359882025002,568.0,180.8582099356039,128.7854793096036,-1,-1,-1,-1
14,3,516.0092111452673,160.0,55.656313069464204,158.8286157289122,-1,-1,-1,-1
14,4,246.43455760065217,384.0,46.117023389760675,169.45821642255135,-1,-1,-1,-1
14,5,1734.8262357134545,480.0,57.47124470269637,171.65155271204708,-1,-1,-1,-1
14,6,172.17041466198748,376.0,320.7866019375829,151.52953032652204,-1,-1,-1,-1
14,7,1057.080591716694,152.0,24.07750103785179,151.89214896401216,-1,-1,-1,-1
14,8,882.8977698607005,143.99999999999994,66.49315513629972,152.70287662467462,-1,-1,-1,-1
14,9,795.4335894668493,160.00000000000006,65.19172020757446,148.55744555946904,-1,-1,-1,-1
14,10,1623.5940995336314,263.99999999999994,38.82836145765987,170.59767328075424,-1,-1,-1,-1
14,11,1818.161353000813,240.0,47.35388852494361,155.10306051557336,-1,-1,-1,-1
14,12,336.343555144475,112.0,69.17300538350867,151.13041934978708,-1,-1,-1,-1
14,13,315.6894329457448,103.99999999999994,86.82266285275182,146.11854478439477,-1,-1,-1,-1
14,14,252.11710549733652,128.0,44.55085672588268,142.37782644359288,-1,-1,-1,-1
14,15,1485.4605966123388,79.99999999999994,43.329519511074295,132.20345368813008,-1,-1,-1,-1
14,16,508.38331680843254,64.00000000000011,10.11572427394259,120.41571657775387,-1,-1,-1,-1
14,17,504.595355498215,64.00000000000011,36.222831454205334,111.62404807369296,-1,-1,-1,-1
15,0,1366.390663470366,576.0,82.91817955870147,198.4225753516364,-1,-1,-1,-1
15,1,392.2089867825283,403.6354939856409,107.6228040813237,217.201783121748,-1,-1,-1,-1
15,2,74.2347138654759,568.0,247.53883069950496,209.189685394633,-1,-1,-1,-1
15,3,512.5380887446474,160.0,60.46046228342084,163.43495553754917,-1,-1,-1,-1
15,4,1733.0718147246268,480.0,58.71443939574556,172.1423512271988,-1,-1,-1,-1
15,5,949.9424941000494,151.99999999999994,153.76891221661242,150.79820433076947,-1,-1,-1,-1
15,6,168.5442665717551,384.0,315.2187969315334,184.22711446958283,-1,-1,-1,-1
15,7,870.5095046967843,152.0,71.07036565807914,143.5374916764199,-1,-1,-1,-1
15,8,793.3680103936317,160.00000000000006,65.64289720612385,150.33037861712717,-1,-1,-1,-1
15,9,1619.931037023404,263.99999999999994,46.96813734595912,168.06468176772216,-1,-1,-1,-1
15,10,1817.503418954785,239.99999999999994,46.12612321100778,157.97578641541185,-1,-1,-1,-1
15,11,351.5989506667796,120.00000000000006,40.424810197346574,144.47356801188118,-1,-1,-1,-1
15,12,336.3546302043708,112.0,56.76953303760047,143.52822445169545,-1,-1,-1,-1
15,13,245.1782886495788,128.0,46.176655337424904,138.69942437939812,-1,-1,-1,-1
15,14,1490.3842067375638,79.99999999999994,35.52956858219454,133.4170368013343,-1,-1,-1,-1
15,15,506.91108214579225,63.99999999999994,26.60258741523802,129.50359370841812,-1,-1,-1,-1
15,16,503.87059183109653,72.0,9.75943760340175,120.10597098247854,-1,-1,-1,-1
16,0,1372.1911891888049,576.0,67.35048283821175,207.4420242390588,-1,-1,-1,-1
16,1,386.7754866866254,408.0,72.10416482791783,189.01953306733378,-1,-1,-1,-1
16,2,124.12956725970764,568.0,170.46503676591158,115.73038285087318,-1,-1,-1,-1
16,3,1735.8015864953677,480.0,56.33716500850301,170.56285314737113,-1,-1,-1,-1
16,4,510.77830300582644,160.0,62.65017699215679,160.23641787385122,-1,-1,-1,-1
16,5,225.33631607585346,376.0,234.84320535509704,108.49215512750322,-1,-1,-1,-1
16,6,890.2611487787232,143.99999999999994,56.89870697601475,150.64301908463875,-1,-1,-1,-1
16,7,793.970350620906,160.00000000000006,68.113996025809,146.6334032914413,-1,-1,-1,-1
16,8,1610.0706682823134,263.99999999999994,60.81253413055538,159.77050780931387,-1,-1,-1,-1
16,9,1818.1458909437963,248.0,45.425482150689504,155.57244322420627,-1,-1,-1,-1
16,10,352.04251539603615,119.99999999999994,57.463182646731866,138.40276908700048,-1,-1,-1,-1
16,11,330.43178951471657,111.99999999999994,70.64932668250253,166.89258836306692,-1,-1,-1,-1
16,12,249.17334614095682,128.0,41.459186639931545,139.5781364221241,-1,-1,-1,-1
16,13,1488.8472052972184,79.99999999999994,32.21346774403264,133.49173715648715,-1,-1,-1,-1
16,14,508.650871912686,63.99999999999994,20.720477819596283,117.86407601996598,-1,-1,-1,-1
16,15,499.50875195506467,72.0,17.70871528270561,122.07073775303815,-1,-1,-1,-1
17,0,683.0977720229462,200.00000000000006,66.99546256598774,196.62483531172046,-1,-1,-1,-1
17,1,1371.9845488535818,576.0,70.01021419803192,205.9931834170303,-1,-1,-1,-1
17,2,391.86532152031475,408.0,128.1486591419042,174.20046481022575,-1,-1,-1,-1
17,3,124.08903652955428,568.0,171.17828806153375,116.16699885848072,-1,-1,-1,-1
17,4,236.53578039972354,384.0,35.09087663597643,180.12987411166353,-1,-1,-1,-1
17,5,1735.1046698940609,480.0,57.17231681180874,171.38514422308833,-1,-1,-1,-1
17,6,510.03120894474665,160.0,62.05609575570651,159.65064170417202,-1,-1,-1,-1
17,7,249.72079789371662,370.36034087040514,234.7386734852364,98.71998508276624,-1,-1,-1,-1
17,8,891.056310329779,143.99999999999994,54.40475267525551,152.61195646123753,-1,-1,-1,-1
17,9,800.7687180966846,160.00000000000006,61.33331541942596,151.8662017238309,-1,-1,-1,-1
17,10,1615.4223404311306,263.99999999999994,50.78268115925289,160.49422699337805,-1,-1,-1,-1
17,11,1814.3813682853174,248.0,55.880449934990565,149.21509108779026,-1,-1,-1,-1
17,12,361.1874745703973,119.99999999999994,33.515638176239236,141.86198906997396,-1,-1,-1,-1
17,13,317.75951003571254,111.99999999999994,73.7486855335527,149.99223697892722,-1,-1,-1,-1
17,14,246.90665429078513,128.0,44.45172060640755,139.90590015566255,-1,-1,-1,-1
17,15,1489.2728711318705,79.99999999999994,27.541375941972547,130.8959588439767,-1,-1,-1,-1
17,16,317.66714654538885,103.99999999999994,95.45091788592731,154.37401665064408,-1,-1,-1,-1
17,17,491.9716678351709,72.0,23.991213232137113,118.88353018929712,-1,-1,-1,-1
17,18,498.81004394164444,64.00000000000011,16.860290132940975,111.39567120639515,-1,-1,-1,-1
17,19,501.5642299854214,64.0,26.183584823721105,113.19582278704962,-1,-1,-1,-1
18,0,684.0002602256493,200.00000000000006,62.17814701321163,200.4202131444593,-1,-1,-1,-1
18,1,1372.940438127212,576.0,70.08122664286634,205.40438833768405,-1,-1,-1,-1
18,2,386.67399904896854,408.0,68.69115293424682,187.42995253831407,-1,-1,-1,-1
18,3,125.22803085506973,568.0,190.2237656084028,129.89152062185167,-1,-1,-1,-1
18,4,1410.1989547379308,216.0,18.728612780227195,172.4045812233399,-1,-1,-1,-1
18,5,223.46709358780572,384.0,112.92772171766944,189.56631908508712,-1,-1,-1,-1
18,6,1733.5691757872398,480.0,59.04019134862642,171.1080970200145,-1,-1,-1,-1
18,7,521.5145456884119,160.0,49.24048422424198,162.88622942985393,-1,-1,-1,-1
18,8,255.93713892919152,373.11078149183993,221.2888815859805,96.0387945047296,-1,-1,-1,-1
18,9,893.2644427128033,152.0,55.128183387161016,142.88780496587725,-1,-1,-1,-1
18,10,794.552791106748,160.00000000000006,71.84365593067673,147.09799909370258,-1,-1,-1,-1
18,11,1610.1371159153114,264.0,54.2023425698485,162.83427308666745,-1,-1,-1,-1
18,12,1814.3367108654954,248.0,56.121125828855156,149.90822058299864,-1,-1,-1,-1
18,13,358.3152084666185,119.99999999999994,39.94099082025798,139.97165064086772,-1,-1,-1,-1
18,14,317.7407093536352,111.99999999999994,77.03747240264272,148.05666940704646,-1,-1,-1,-1
18,15,253.04118344830488,127.99999999999989,41.6557170717125,138.00932495559152,-1,-1,-1,-1
18,16,1485.1310183809592,79.99999999999994,30.98411497441839,125.67243535784405,-1,-1,-1,-1
18,17,492.9834244090388,72.0,24.821413968486354,125.08360456991767,-1,-1,-1,-1
18,18,497.13739316582365,63.99999999999994,33.08217127073573,113.79657110007753,-1,-1,-1,-1
