1,0,118.6243444739091,560.0,137.74005968863412,127.83124181250491,-1,-1,-1,-1
1,1,377.7467365272704,424.00000000000006,76.37512501484213,222.96815362260799,-1,-1,-1,-1
1,2,1367.538136866352,576.0,77.83783252986746,212.23092962780652,-1,-1,-1,-1
1,3,257.4449105297473,383.9999999999999,74.39655903033827,106.4561023063755,-1,-1,-1,-1
1,4,1733.122155848239,464.0,66.91433779749832,204.27344463597888,-1,-1,-1,-1
1,5,532.939283421204,144.0,58.391375705449946,164.28869815048859,-1,-1,-1,-1
1,6,1629.819762299592,272.00000000000006,53.746105707374,176.9682740679837,-1,-1,-1,-1
1,7,366.8852151054606,104.00000000000006,103.00635434997946,163.1869920526401,-1,-1,-1,-1
1,8,264.0,119.99999999999994,34.51686944224059,161.47505070808728,-1,-1,-1,-1
1,9,1052.9845602065154,143.99999999999994,52.94254464969322,147.1591688960131,-1,-1,-1,-1
1,10,807.6555567414201,152.0000000000001,41.5775303012764,152.20483737547647,-1,-1,-1,-1
1,11,894.7394606700676,135.99999999999994,52.91158622613659,146.96755446784903,-1,-1,-1,-1
1,12,443.96793976960373,95.99999999999994,96.35388534617334,171.64249281050735,-1,-1,-1,-1
1,13,288.0,112.0,55.17972719832949,163.3453118399808,-1,-1,-1,-1
2,0,385.6947117959222,416.0,69.70023638894656,218.4745796435476,-1,-1,-1,-1
2,1,116.03294631961091,560.0,141.33358173605257,130.04424835069926,-1,-1,-1,-1
2,2,1368.4205354300786,576.0,80.71709827476275,214.13480212679815,-1,-1,-1,-1
2,3,247.27905189140358,383.9999999999999,88.28700155294734,213.48035290409518,-1,-1,-1,-1
2,4,1733.408161136922,464.0,64.75783765865867,201.95335781191773,-1,-1,-1,-1
2,5,532.8746565175418,144.0,60.57401356305127,166.89477000005093,-1,-1,-1,-1
2,6,1629.819762299592,272.00000000000006,53.746105707374,176.9682740679837,-1,-1,-1,-1
2,7,364.8522179096883,104.0,33.555178503032266,156.35385302749387,-1,-1,-1,-1
2,8,526.7637591748116,143.99999999999994,44.70340402843874,157.1949122951724,-1,-1,-1,-1
2,9,1052.1597380420235,143.99999999999994,52.93674156226166,149.24005446531618,-1,-1,-1,-1
2,10,261.47354754810294,112.00000000000006,96.2016279639364,179.94275276730122,-1,-1,-1,-1
2,11,800.2314251345385,152.0000000000001,47.300840141273056,153.0572656999467,-1,-1,-1,-1
2,12,272.55056899265253,111.99999999999994,99.94877939234084,166.63021886126063,-1,-1,-1,-1
2,13,895.9480900657329,135.99999999999994,50.25672978710497,146.03547951508847,-1,-1,-1,-1
3,0,385.6947117959222,416.0,69.70023638894656,218.4745796435476,-1,-1,-1,-1
3,1,96.4708096015006,560.0,155.6889091361336,272.06800675374825,-1,-1,-1,-1
3,2,1367.249404895546,576.0,79.91914109029403,216.35349581856894,-1,-1,-1,-1
3,3,245.10180386113723,376.0,90.65449037518215,214.77011670634306,-1,-1,-1,-1
3,4,1733.7372397912127,464.0,62.02977932011163,200.83935829501206,-1,-1,-1,-1
3,5,221.74784284473606,119.99999999999994,109.73759979078397,169.15934889421595,-1,-1,-1,-1
3,6,532.8303827795216,144.0,56.24287224072373,161.44861439589477,-1,-1,-1,-1
3,7,1626.7557199318649,272.00000000000006,65.72561271656946,181.2542280423205,-1,-1,-1,-1
3,8,368.5908554500828,104.0,112.70039995455903,168.79863220947283,-1,-1,-1,-1
3,9,1053.49412680258,143.99999999999994,54.66058011672976,146.79314000852054,-1,-1,-1,-1
3,10,270.49234320626397,112.00000000000006,84.24765760434263,157.13152123401198,-1,-1,-1,-1
3,11,800.7354781249398,152.0000000000001,48.01947009584694,154.15173753756744,-1,-1,-1,-1
3,12,281.80681192613713,111.99999999999994,65.29800179038966,156.43338612428664,-1,-1,-1,-1
3,13,895.2956101875906,135.99999999999994,54.206804130363366,146.75190122896777,-1,-1,-1,-1
4,0,386.3151527886488,416.0,67.94779052793967,213.10798948583397,-1,-1,-1,-1
4,1,126.5620238442059,560.0,123.30978450603038,130.41364659314127,-1,-1,-1,-1
4,2,1367.538136866352,576.0,77.83783252986746,212.23092962780652,-1,-1,-1,-1
4,3,250.1963109436382,384.0,75.64959483022665,119.90466476993316,-1,-1,-1,-1
4,4,1733.408161136922,464.0,64.75783765865867,201.95335781191773,-1,-1,-1,-1
4,5,525.1536303713635,144.0,64.68139371353914,159.45240771499886,-1,-1,-1,-1
4,6,1624.770442483245,272.00000000000006,60.81375456519481,170.03037664071525,-1,-1,-1,-1
4,7,374.19179042595704,104.0,98.35856693818442,174.60953590098967,-1,-1,-1,-1
4,8,253.49975724264982,119.99999999999994,76.7285273253126,168.16359365318846,-1,-1,-1,-1
4,9,515.7926275240438,143.99999999999994,63.12266750428205,155.03476150010016,-1,-1,-1,-1
4,10,1053.4271644237062,143.99999999999994,50.758275709385316,143.26696474254305,-1,-1,-1,-1
4,11,1539.9615205093223,255.99999999999994,58.76937392289665,168.44924842070094,-1,-1,-1,-1
4,12,804.7745415733035,152.0000000000001,54.22548947829023,154.03541770644796,-1,-1,-1,-1
4,13,273.76341648487994,112.0,99.88702720419349,161.5614330134677,-1,-1,-1,-1
4,14,894.7572300350671,135.99999999999994,49.353071721345486,148.026304309605,-1,-1,-1,-1
5,0,390.51366445142696,416.0,62.33156897971986,213.81508161880208,-1,-1,-1,-1
5,1,106.53341702607065,560.0,128.7002497952276,255.9699078629494,-1,-1,-1,-1
5,2,1367.3751287095522,576.0,78.05578009807732,211.72319141482774,-1,-1,-1,-1
5,3,244.38720429333023,384.0,67.31151687661088,191.1333072217243,-1,-1,-1,-1
5,4,1726.7260449821513,464.0,76.45072779062025,206.61769701615094,-1,-1,-1,-1
5,5,1624.6033281664777,272.0,58.392580845733846,173.5912691140888,-1,-1,-1,-1
5,6,362.5729224086193,104.0,117.8622224816595,171.4813091252326,-1,-1,-1,-1
5,7,250.50916447490306,120.0,98.8461115497031,174.32205264549566,-1,-1,-1,-1
5,8,518.0487198326005,143.99999999999994,67.73086146526293,157.16675769159133,-1,-1,-1,-1
5,9,1537.0288295790501,255.99999999999994,62.25255259404412,168.8009985256706,-1,-1,-1,-1
5,10,804.361428268502,152.0000000000001,47.15258069981974,153.7305938210469,-1,-1,-1,-1
5,11,1052.5278065741386,143.99999999999994,48.44464938356441,144.59580054059091,-1,-1,-1,-1
5,12,276.64293564561035,119.99999999999994,60.435959938573546,158.00234059253063,-1,-1,-1,-1
5,13,895.7643520504639,135.99999999999994,49.72074632620922,146.4939135083617,-1,-1,-1,-1
6,0,115.77813783473403,560.0,144.88078664319153,128.90253780552734,-1,-1,-1,-1
6,1,386.5038501761345,416.0,67.7854824859923,213.54320178618195,-1,-1,-1,-1
6,2,1367.153876251126,576.0,77.8194351963698,211.6379215123086,-1,-1,-1,-1
6,3,243.71781682753465,384.0,96.04219991244452,104.36012475285145,-1,-1,-1,-1
6,4,1732.7261396116853,464.0,62.40524927316551,201.53020777539973,-1,-1,-1,-1
6,5,1618.3391132701784,272.0,55.640036302313774,173.16795440686565,-1,-1,-1,-1
6,6,1537.4984247455934,256.00000000000006,41.14233047229891,161.97835849321257,-1,-1,-1,-1
6,7,1582.6776959058723,264.0,73.32230409412773,167.24142980992428,-1,-1,-1,-1
6,8,354.44690157917375,104.0,128.824400771768,174.46488321248358,-1,-1,-1,-1
6,9,244.86871356982533,120.0,108.05312613984393,172.540374222565,-1,-1,-1,-1
6,10,515.1071019261201,143.99999999999994,62.7430539900638,155.05415438804283,-1,-1,-1,-1
6,11,1703.9448654995367,215.99999999999994,143.64888131003136,180.38248711659838,-1,-1,-1,-1
6,12,798.503030856089,152.0000000000001,56.850019499403516,156.3677919536193,-1,-1,-1,-1
6,13,261.59001322615177,119.99999999999994,83.37390371858498,157.0454850861429,-1,-1,-1,-1
6,14,869.8135687255843,135.99999999999994,65.6927546654108,156.21336588125962,-1,-1,-1,-1
6,15,986.5725167494414,144.0,117.69167502768698,146.54789206494257,-1,-1,-1,-1
7,0,391.6127838703601,416.0,68.22619699762168,201.42070813730356,-1,-1,-1,-1
7,1,93.0892657892565,560.0,158.21278772034452,278.0811725718197,-1,-1,-1,-1
7,2,1367.3751287095522,576.0,78.05578009807732,211.72319141482774,-1,-1,-1,-1
7,3,233.41561077728977,375.2444659816755,97.17783178491811,229.08731777658716,-1,-1,-1,-1
7,4,1635.0692455677586,272.0,20.93075443224143,173.94277743923607,-1,-1,-1,-1
7,5,521.1488411103669,144.0,56.13561595792805,162.8903399176843,-1,-1,-1,-1
7,6,1535.9610884013296,256.00000000000006,45.776865170748806,169.06164156171513,-1,-1,-1,-1
7,7,1612.4115193598668,264.0,67.37717833855959,174.85928985229157,-1,-1,-1,-1
7,8,375.59999787582615,104.0,90.65231221961551,174.4855148383478,-1,-1,-1,-1
7,9,226.2631886822404,127.99999999999989,69.97016150601394,160.39509064006268,-1,-1,-1,-1
7,10,800.3725699167663,152.0000000000001,55.90251796112284,151.92246994945123,-1,-1,-1,-1
7,11,897.2817295567498,135.99999999999994,47.35813955451624,149.71180886034438,-1,-1,-1,-1
7,12,287.9999999999999,119.99999999999994,78.7579252687525,156.43124335832124,-1,-1,-1,-1
7,13,970.9458861276713,144.0,127.82813441028463,142.04886606900322,-1,-1,-1,-1
7,14,500.9661198099406,64.00000000000011,20.90899259404597,134.36172886692884,-1,-1,-1,-1
7,15,496.19636651729,56.0,35.58968809367377,139.47751779561867,-1,-1,-1,-1
8,0,102.26700513521564,560.0,82.02352918564952,252.51600014340568,-1,-1,-1,-1
8,1,384.76339298852156,416.00000000000006,72.78776002268023,220.19131809436914,-1,-1,-1,-1
8,2,1366.9936927117512,576.0,79.08747743429853,211.4967658677624,-1,-1,-1,-1
8,3,240.27818723011956,384.0,68.97339706817309,182.41370814840934,-1,-1,-1,-1
8,4,516.8582182472669,143.99999999999994,55.23680568124314,164.79000482463266,-1,-1,-1,-1
8,5,1622.2952534671408,264.0,57.641196958719775,179.3250076899037,-1,-1,-1,-1
8,6,223.7163720394136,127.99999999999989,74.61257693809841,172.8184250250058,-1,-1,-1,-1
8,7,359.9048069873445,103.99999999999994,128.8513573917482,179.23865696846718,-1,-1,-1,-1
8,8,807.7359725209337,151.99999999999994,61.926106090341364,156.85815962748688,-1,-1,-1,-1
8,9,287.9999999999999,119.99999999999994,75.35456968926633,156.04569315213746,-1,-1,-1,-1
8,10,897.7247472046722,135.99999999999994,47.78669617904757,151.43566009685736,-1,-1,-1,-1
8,11,987.2982211685726,144.0,115.6554415116143,148.77737787254893,-1,-1,-1,-1
8,12,453.805580947364,87.99999999999994,64.70204948595472,153.48039769379608,-1,-1,-1,-1
8,13,487.99999999999994,80.0,11.806897473250444,130.94243701774946,-1,-1,-1,-1
8,14,490.74408712483626,72.0,16.18172536983826,141.98965165128737,-1,-1,-1,-1
9,0,104.20873261708618,560.0,104.11898509725461,257.3756536122959,-1,-1,-1,-1
9,1,384.7117464567616,416.00000000000006,76.24380883802911,216.6344125492089,-1,-1,-1,-1
9,2,1368.4205354300786,576.0,80.71709827476275,214.13480212679815,-1,-1,-1,-1
9,3,240.8292751162469,376.0,60.67918192075808,194.77453647120137,-1,-1,-1,-1
9,4,514.7553683336268,143.99999999999994,64.23328757038018,172.82743541960207,-1,-1,-1,-1
9,5,1622.3425446860688,264.0,57.530329523865475,179.28392710191036,-1,-1,-1,-1
9,6,227.28107655379813,128.0,109.45428574016648,155.34518181182597,-1,-1,-1,-1
9,7,372.05183908654556,104.0,101.46767367907643,167.52806998406993,-1,-1,-1,-1
9,8,797.49230773942,151.99999999999994,56.16128701032983,152.9948693771762,-1,-1,-1,-1
9,9,287.9999999999999,119.99999999999994,83.01776447135865,155.96782344458472,-1,-1,-1,-1
9,10,897.7477672921573,143.99999999999994,49.33678331392696,145.94206095713054,-1,-1,-1,-1
9,11,1047.6599529377202,144.0,48.006319191292505,149.2805479214918,-1,-1,-1,-1
9,12,457.4577971390587,87.99999999999994,54.06396274281673,150.81934610930017,-1,-1,-1,-1
9,13,494.8907876661964,72.0,13.315768153404804,140.20710076217006,-1,-1,-1,-1
10,0,104.01708911584922,560.0,79.6567204259178,247.10234178056737,-1,-1,-1,-1
10,1,390.5722067718672,408.0,69.42426846812293,221.2494224499237,-1,-1,-1,-1
10,2,1367.0340625589522,576.0,79.53198148611864,210.83995982576596,-1,-1,-1,-1
10,3,258.10777417376096,376.0,29.43900777889803,194.71706197490278,-1,-1,-1,-1
10,4,1621.7824552586205,264.00000000000006,54.64422809704979,179.87056637384273,-1,-1,-1,-1
10,5,512.4258866647399,143.99999999999994,66.62880908933437,171.68891724875442,-1,-1,-1,-1
10,6,525.6210718607292,152.0,51.24581837823166,166.46367250845793,-1,-1,-1,-1
10,7,219.17976836908667,120.0,59.08328614865468,186.27964480982507,-1,-1,-1,-1
10,8,1768.8036037003665,224.0,90.72177295879533,158.20173542463635,-1,-1,-1,-1
10,9,337.5819608221815,103.99999999999994,68.77050091794808,157.40017784715286,-1,-1,-1,-1
10,10,799.3665140256844,151.99999999999994,71.19725201423455,151.3042992609714,-1,-1,-1,-1
10,11,279.9999999999999,120.0,59.03604295429386,160.00239776131497,-1,-1,-1,-1
10,12,898.2866933140998,143.99999999999994,49.22209840250582,145.9894850645257,-1,-1,-1,-1
10,13,460.85649050101216,87.99999999999994,55.9661181118185,152.51132988910496,-1,-1,-1,-1
10,14,1050.0041798556038,144.0,41.423084858414086,138.20706608548312,-1,-1,-1,-1
10,15,467.2425775028251,80.0,46.62716775121402,149.1826527796111,-1,-1,-1,-1
11,0,103.9674739029042,560.0,77.87721774837667,248.4710605638718,-1,-1,-1,-1
11,1,402.44417571048143,408.0,58.96624509205219,200.04375538054478,-1,-1,-1,-1
11,2,1368.8754556433666,576.0,82.02094297067765,214.72471525497485,-1,-1,-1,-1
11,3,207.2684554505106,376.0,271.49979050750267,210.3585903311632,-1,-1,-1,-1
11,4,1620.6121558193508,264.00000000000006,56.83198907639462,176.67323582165005,-1,-1,-1,-1
11,5,514.6320062408197,152.00000000000006,56.364545572634256,160.15514738200358,-1,-1,-1,-1
11,6,219.54107297573273,120.0,60.0333980794984,183.75200458948245,-1,-1,-1,-1
11,7,1803.9729519734528,224.0,57.11695628148391,169.2950169238294,-1,-1,-1,-1
11,8,368.9050743782806,111.99999999999994,32.176761864268315,151.25401178493172,-1,-1,-1,-1
11,9,796.2551951776937,151.99999999999994,59.22393481768847,151.9699709246516,-1,-1,-1,-1
11,10,279.9999999999999,120.0,68.85294221740094,162.29925842475052,-1,-1,-1,-1
11,11,897.449286871901,143.99999999999994,50.539765153471194,145.89916786737007,-1,-1,-1,-1
11,12,1049.1506881647022,144.0,42.878115293279734,139.1892561735641,-1,-1,-1,-1
11,13,448.5274147714632,88.0,64.8779453998992,146.27077832117368,-1,-1,-1,-1
12,0,106.00362722692034,560.0,76.35622724166421,235.82570672651843,-1,-1,-1,-1
12,1,387.3738218372795,408.0,77.26863571215267,197.82028740640703,-1,-1,-1,-1
12,2,1368.4205354300786,576.0,80.71709827476275,214.13480212679815,-1,-1,-1,-1
12,3,1723.8306152487926,472.0,67.38940479538724,184.02280767120635,-1,-1,-1,-1
12,4,1612.8104207706729,264.00000000000006,62.0907927204496,180.7738717191778,-1,-1,-1,-1
12,5,515.1160451980741,152.00000000000006,64.78580188917817,168.59386717245724,-1,-1,-1,-1
12,6,225.74973258252032,120.0,67.65605113006484,168.5667824838858,-1,-1,-1,-1
12,7,1706.5701070706614,232.0,150.26324113449755,168.57817695430435,-1,-1,-1,-1
12,8,374.1690995384414,111.99999999999994,102.52459435900869,167.80131022320631,-1,-1,-1,-1
12,9,797.1302732902486,160.00000000000006,58.08163758734929,146.4751395740464,-1,-1,-1,-1
12,10,264.07844381850407,120.0,101.74056382505717,153.21958764511902,-1,-1,-1,-1
12,11,898.2047041016863,143.99999999999994,49.386040406666325,145.24087907618497,-1,-1,-1,-1
12,12,1046.6559125681333,151.99999999999994,44.49566165653255,132.6546994578145,-1,-1,-1,-1
12,13,468.7933102247045,87.99999999999994,43.28277040294853,145.03984248459403,-1,-1,-1,-1
12,14,495.92457111835296,72.0,13.078214706002484,147.2777117126236,-1,-1,-1,-1
13,0,106.00362722692034,560.0,76.35622724166421,235.82570672651843,-1,-1,-1,-1
13,1,392.3442274290742,408.0,90.65315074178767,189.62120939104602,-1,-1,-1,-1
13,2,1366.7241915067837,576.0,81.1276252583607,215.5558545852599,-1,-1,-1,-1
13,3,391.04808149168105,408.0,73.36525471201611,201.8622365323954,-1,-1,-1,-1
13,4,1723.7155505531523,472.0,67.55338794267982,183.48788121557595,-1,-1,-1,-1
13,5,1612.801242465554,264.0,47.961720786598335,178.57410028002982,-1,-1,-1,-1
13,6,252.2285173136852,361.9010804120236,73.5729912505418,106.56221235255532,-1,-1,-1,-1
13,7,516.2406156119755,152.00000000000006,48.28052859097954,165.88128427442888,-1,-1,-1,-1
13,8,248.0,120.0,74.65280433330543,158.39878573219443,-1,-1,-1,-1
13,9,1785.7322476689956,232.0,73.83127539941097,166.494848809151,-1,-1,-1,-1
13,10,383.710616240298,103.99999999999994,7.838725823987147,165.32854614777682,-1,-1,-1,-1
13,11,279.9999999999998,111.99999999999994,54.420292001794564,159.8018202844347,-1,-1,-1,-1
13,12,890.0449713459943,143.99999999999994,53.92992282362877,146.97618254362555,-1,-1,-1,-1
13,13,804.2620195672037,160.00000000000006,50.77807964292583,149.53679743408827,-1,-1,-1,-1
13,14,1044.588669392401,151.99999999999994,45.08217417463925,131.00941256921868,-1,-1,-1,-1
13,15,444.30377659547685,87.99999999999994,82.54321300039646,146.4246450170716,-1,-1,-1,-1
13,16,1489.9892688351465,80.0,30.504546572720756,135.38925253918666,-1,-1,-1,-1
14,0,107.09479557102827,560.0,74.47961446413944,235.86858977987538,-1,-1,-1,-1
14,1,406.14917798103886,408.0,64.66245600466169,197.14218098439892,-1,-1,-1,-1
14,2,1368.6420775027896,576.0,80.37382891626226,215.1174304475444,-1,-1,-1,-1
14,3,384.7453172345845,408.0,151.8493028792043,202.00490349875076,-1,-1,-1,-1
14,4,1614.0464970706744,264.0,57.14262511182983,174.9856241741736,-1,-1,-1,-1
14,5,515.359290342908,152.00000000000006,56.870852560825824,167.46939462420636,-1,-1,-1,-1
14,6,248.0000000000001,120.00000000000006,120.24143139322246,146.55007841499247,-1,-1,-1,-1
14,7,225.98750466720549,128.00000000000006,51.886033223963864,154.00945510318007,-1,-1,-1,-1
14,8,1796.0327833501976,232.0,67.51856134816694,173.028466633672,-1,-1,-1,-1
14,9,381.0810930868465,111.99999999999994,14.054247049008723,154.32148853315726,-1,-1,-1,-1
14,10,800.9157727113525,160.00000000000006,62.61408685188826,146.2627215670476,-1,-1,-1,-1
14,11,287.9999999999999,119.99999999999994,58.57169014491228,153.84584565925365,-1,-1,-1,-1
14,12,897.4587300822669,143.99999999999994,51.41916071384162,148.06039927056088,-1,-1,-1,-1
14,13,1048.826051304396,151.99999999999994,38.7079717032143,134.49428396039212,-1,-1,-1,-1
14,14,456.66486212012137,88.0,61.27632910071134,153.20164658568876,-1,-1,-1,-1
14,15,1489.9892688351465,80.0,30.504546572720756,135.38925253918666,-1,-1,-1,-1
15,0,106.00362722692034,560.0,76.35622724166421,235.82570672651843,-1,-1,-1,-1
15,1,1368.717639490979,576.0,79.7092064021715,214.31476196821893,-1,-1,-1,-1
15,2,388.2287747275881,406.1943081223246,105.09458151648005,233.462350958176,-1,-1,-1,-1
15,3,514.6435196393836,152.00000000000006,55.66919390511532,169.99586959701668,-1,-1,-1,-1
15,4,1615.0048545843538,263.99999999999994,55.79846778303636,167.18897073371016,-1,-1,-1,-1
15,5,1786.175686909412,232.0,78.95242554838342,172.83541218040307,-1,-1,-1,-1
15,6,245.34645427733494,120.00000000000006,54.22964534403263,162.51930286963636,-1,-1,-1,-1
15,7,368.8337748162485,111.99999999999994,34.944571516011706,155.97918299297083,-1,-1,-1,-1
15,8,894.8614480964368,143.99999999999994,51.20560074827665,143.6867351069323,-1,-1,-1,-1
15,9,804.4206309700608,160.00000000000006,62.45635381604143,145.6950909597229,-1,-1,-1,-1
15,10,287.9999999999999,119.99999999999994,45.25551623394085,152.2990837227494,-1,-1,-1,-1
15,11,1046.1908167911547,151.99999999999994,47.34204570885231,145.83024374852374,-1,-1,-1,-1
15,12,492.7846075446027,72.0,16.190887649630724,145.7629019564851,-1,-1,-1,-1
15,13,464.523956005711,80.0,46.45395371779307,146.5018611663919,-1,-1,-1,-1
15,14,460.5807670955759,88.0,54.55865617685106,148.34103035741475,-1,-1,-1,-1
15,15,1489.9892688351465,80.0,30.504546572720756,135.38925253918666,-1,-1,-1,-1
16,0,104.29268883374743,560.0,76.60173608695152,248.09399422852573,-1,-1,-1,-1
16,1,390.5693313772433,408.0,70.12088923888166,198.94286900073666,-1,-1,-1,-1
16,2,1366.9936927117512,576.0,79.08747743429853,211.4967658677624,-1,-1,-1,-1
16,3,514.9348559541396,152.00000000000006,54.45236301001762,165.60573349127583,-1,-1,-1,-1
16,4,1610.990112422916,255.99999999999994,56.1290180441506,170.62320261604026,-1,-1,-1,-1
16,5,245.31579278459253,120.0,52.13853392057467,165.0256005270238,-1,-1,-1,-1
16,6,1816.113700704844,232.0,52.02709898188573,179.40580316465946,-1,-1,-1,-1
16,7,354.5214236532669,111.99999999999994,46.901995139093174,154.84366441494387,-1,-1,-1,-1
16,8,895.7537261459327,143.99999999999994,48.40035912369888,149.20249186230518,-1,-1,-1,-1
16,9,801.5662378401532,160.00000000000006,69.84625559272627,146.2118922684022,-1,-1,-1,-1
16,10,263.59135647075504,120.0,84.67905788200324,158.48840347435748,-1,-1,-1,-1
16,11,488.9518072546687,72.0,18.522849931590486,135.93346000382883,-1,-1,-1,-1
16,12,503.0469209325661,64.00000000000011,11.683953825711797,140.49776550979328,-1,-1,-1,-1
16,13,1489.562773616728,80.0,31.036908020548708,133.7437740664675,-1,-1,-1,-1
17,0,106.00362722692034,560.0,76.35622724166421,235.82570672651843,-1,-1,-1,-1
17,1,388.66925743503987,408.0,83.83981703200521,198.53112143384885,-1,-1,-1,-1
17,2,1366.7652869136325,576.0,78.87563002276715,211.3928761118725,-1,-1,-1,-1
17,3,517.8928518225925,152.00000000000006,53.036722628474195,168.0321707753189,-1,-1,-1,-1
17,4,1814.2285880957793,239.99999999999994,56.74577875738396,177.37392185036475,-1,-1,-1,-1
17,5,1617.4967807322414,255.99999999999994,55.00604409667994,171.39406383024692,-1,-1,-1,-1
17,6,890.8598734438716,144.0,55.58250451882566,148.45606070657504,-1,-1,-1,-1
17,7,334.48777484117693,111.99999999999994,61.33749611503879,159.5076474277733,-1,-1,-1,-1
17,8,817.1543036681877,160.00000000000006,70.79241608812902,147.21997132460632,-1,-1,-1,-1
17,9,269.85527179612734,120.0,40.656276398345994,161.68806121915134,-1,-1,-1,-1
17,10,487.99999999999994,80.0,11.806897473250444,130.94243701774946,-1,-1,-1,-1
17,11,495.910300524899,72.00000000000011,15.27442860137586,129.7353445914523,-1,-1,-1,-1
17,12,1489.9892688351465,80.0,30.504546572720756,135.38925253918666,-1,-1,-1,-1
18,0,106.89725600641009,560.0,78.01601785839694,232.91000607745082,-1,-1,-1,-1
18,1,387.65766086846827,400.0,79.00601689963082,204.78677085494223,-1,-1,-1,-1
18,2,1366.9936927117512,576.0,79.08747743429853,211.4967658677624,-1,-1,-1,-1
18,3,518.0745764685649,152.00000000000006,57.59572418430605,170.4853040037874,-1,-1,-1,-1
18,4,1606.7051903350084,255.99999999999994,57.4661864638997,170.61999064200972,-1,-1,-1,-1
18,5,1814.8691291771445,239.99999999999994,56.44408072758665,177.35564912628655,-1,-1,-1,-1
18,6,898.0777849823415,144.0,43.97607304753342,148.915970242738,-1,-1,-1,-1
18,7,803.9164367420611,160.00000000000006,69.41619950921506,147.27380446595134,-1,-1,-1,-1
18,8,334.32093738217736,112.0,49.67906261782264,153.9438542502748,-1,-1,-1,-1
18,9,264.99076096485487,119.99999999999994,43.944222082180886,156.01414180784792,-1,-1,-1,-1
18,10,489.1046865538738,72.00000000000011,18.123402882746234,133.03122894388787,-1,-1,-1,-1
18,11,482.68032617146406,80.00000000000006,15.195111251116941,131.3961955968128,-1,-1,-1,-1
18,12,497.29567821435376,64.0,16.09943798300128,130.82182471051658,-1,-1,-1,-1
18,13,1489.9892688351465,80.0,30.504546572720756,135.38925253918666,-1,-1,-1,-1
