1,1,17,150,77,191,1,1,1.0
2,1,20,148,78,195,1,1,1.0
3,1,23,147,79,199,1,1,1.0
4,1,26,146,79,202,1,1,1.0
5,1,29,144,80,206,1,1,1.0
6,1,33,142,81,210,1,1,1.0
7,1,36,142,82,213,1,1,1.0
8,1,40,140,82,217,1,1,1.0
9,1,44,139,83,220,1,1,1.0
10,1,50,138,84,224,1,1,1.0
11,1,58,138,85,227,1,1,1.0
12,1,65,136,85,231,1,1,1.0
13,1,72,136,86,234,1,1,1.0
14,1,75,134,87,238,1,1,1.0
15,1,78,132,88,243,1,1,1.0
16,1,87,127,89,247,1,1,1.0
17,1,88,125,90,251,1,1,1.0
18,1,82,124,92,258,1,1,1.0
19,1,81,122,95,264,1,1,1.0
1,2,20,136,69,190,1,1,0.073298
2,2,24,134,69,191,1,1,0.072917
3,2,29,132,68,192,1,1,0.07772
4,2,34,131,68,196,1,1,0.076142
5,2,37,130,68,199,1,1,0.07
6,2,41,129,71,202,1,1,0.064039
7,2,44,129,73,202,1,1,0.064039
8,2,49,128,77,205,1,1,0.10655
9,2,53,128,79,205,1,1,0.11256
10,2,61,127,79,208,1,1,0.12368
11,2,68,126,78,211,1,1,0.092429
12,2,76,126,77,212,1,1,0.083604
13,2,84,124,77,216,1,1,0.091634
14,2,89,122,77,219,1,1,0.10303
15,2,94,120,77,222,1,1,0.11446
16,2,99,117,77,225,1,1,0.044248
17,2,104,115,77,228,1,1,0.08045
18,2,102,112,80,233,1,1,0.14498
19,2,100,108,82,238,1,1,0.12663
5,3,220,204,21,63,1,1,0.95455
6,3,225,203,22,64,1,1,0.86957
7,3,231,202,23,65,1,1,0.79167
8,3,237,202,23,65,1,1,0.79167
9,3,242,201,24,66,1,1,0.72
10,3,250,202,24,65,1,1,0.76
11,3,259,203,24,65,1,1,0.76
12,3,267,204,24,64,1,1,0.72
13,3,276,205,24,63,1,1,0.72
14,3,283,203,25,65,1,1,0.65385
15,3,291,200,25,67,1,1,0.61538
16,3,297,198,26,69,1,1,0.48148
17,3,305,195,26,71,1,1,0.66667
18,3,307,194,26,72,1,1,0.59259
19,3,311,193,25,73,1,1,0.0
4,4,232,192,28,71,1,1,0.80747
5,4,240,196,29,70,1,1,0.94085
6,4,247,196,28,70,1,1,0.96892
7,4,254,197,27,70,1,1,0.9668
8,4,262,198,25,69,1,1,0.88956
9,4,269,198,24,69,1,1,0.92343
10,4,277,198,24,69,1,1,0.92343
11,4,285,200,24,68,1,1,0.96116
12,4,294,200,23,68,1,1,0.95894
13,4,302,201,23,67,1,1,0.66667
14,4,310,199,23,69,1,1,0.66667
15,4,318,197,23,71,1,1,0.95949
16,4,325,194,23,73,1,1,0.70833
17,4,333,192,23,75,1,1,1.0
18,4,335,192,24,76,1,1,0.12
19,4,337,190,24,78,1,1,0.0
3,5,243,186,22,76,1,1,0.32919
4,5,251,186,22,76,1,1,0.11462
5,5,258,187,20,74,1,1,0.14857
6,5,265,187,20,73,1,1,0.1538
7,5,272,187,20,72,1,1,0.16569
8,5,279,188,20,70,1,1,0.16499
9,5,286,188,20,69,1,1,0.16939
10,5,294,189,21,71,1,1,0.15152
11,5,302,191,21,72,1,1,0.14072
12,5,309,191,22,74,1,1,0.12812
13,5,318,193,22,75,1,1,0.11384
14,5,326,191,22,77,1,1,0.11929
15,5,334,188,23,79,1,1,0.12917
16,5,342,186,23,81,1,1,0.13211
17,5,350,183,23,83,1,1,0.052083
18,5,353,182,23,84,1,1,0.0
19,5,356,182,22,84,1,1,0.0
10,6,143,195,25,74,1,1,0.5
11,6,151,191,25,74,1,1,0.5
12,6,162,198,25,74,1,1,0.38462
13,6,163,199,23,72,1,1,0.75
14,6,170,196,24,73,1,1,0.76
15,6,178,194,25,73,1,1,0.73077
16,6,186,192,25,73,1,1,0.76923
17,6,194,190,26,73,1,1,0.55556
18,6,194,190,26,73,1,1,0.66667
19,6,194,189,26,74,1,1,0.77778
17,7,45,191,28,69,1,1,0.67143
18,7,45,191,28,69,1,1,0.71626
19,7,45,191,28,69,1,1,0.72414
1,14,240,199,25,66,1,1,0.0
2,14,244,198,25,66,1,1,0.46154
3,14,248,197,25,66,1,1,1.0
4,14,255,197,25,66,1,1,0.76923
5,14,265,201,23,64,1,1,0.79167
6,14,271,201,24,64,1,1,0.8
7,14,278,201,24,65,1,1,0.84
8,14,285,201,24,66,1,1,0.88
9,14,292,201,24,66,1,1,0.92
10,14,300,201,24,67,1,1,1.0
11,14,309,202,25,67,1,1,1.0
12,14,317,201,25,68,1,1,1.0
13,14,326,202,25,68,1,1,1.0
14,14,334,201,25,68,1,1,1.0
15,14,341,199,26,69,1,1,0.96296
16,14,349,198,26,69,1,1,0.37037
17,14,357,197,26,69,1,1,0.0
18,14,361,196,26,70,1,1,0.0
19,14,365,196,26,70,1,1,0.0
7,111,594,197,206,118,0,3,0.22705
8,111,582,195,218,122,0,3,0.26941
9,111,571,194,229,125,0,3,0.30435
10,111,559,193,241,128,0,3,0.33884
11,111,548,192,253,132,0,3,0.36614
12,111,529,189,272,136,0,3,0.41026
13,111,511,187,290,140,0,3,0.44674
14,111,493,185,308,144,0,3,0.47896
15,111,475,183,326,148,0,3,0.50765
16,111,457,181,344,152,0,3,0.53333
17,111,439,179,362,156,0,3,0.55647
18,111,412,178,371,159,0,3,0.61559
19,111,385,178,381,162,0,3,0.67016
1,112,566,181,228,98,0,3,0.32751
2,112,555,182,240,98,0,3,0.35685
3,112,545,183,252,98,0,3,0.37945
4,112,535,184,264,98,0,3,0.4
5,112,522,183,271,99,0,3,0.4375
6,112,509,182,279,100,0,3,0.47143
7,112,496,182,287,100,0,3,0.36451
8,112,484,181,293,101,0,3,0.36088
9,112,471,181,301,101,0,3,0.36067
10,112,458,180,309,103,0,3,0.35887
11,112,445,179,316,104,0,3,0.36124
12,112,433,179,323,104,0,3,0.32922
13,112,420,178,331,105,0,3,0.30734
14,112,407,178,338,105,0,3,0.28252
15,112,394,177,346,106,0,3,0.26025
16,112,382,177,353,107,0,3,0.23112
17,112,360,176,349,107,0,3,0.24175
18,112,338,175,346,107,0,3,0.23159
19,112,316,175,343,106,0,3,0.204
1,113,-73,152,345,145,0,3,0.31554
2,113,-81,151,338,145,0,3,0.27019
3,113,-89,151,331,145,0,3,0.2259
4,113,-97,151,325,145,0,3,0.18405
5,113,-105,151,318,145,0,3,0.15361
6,113,-113,151,311,145,0,3,0.16987
7,113,-120,150,304,145,0,3,0.18689
8,113,-128,150,297,145,0,3,0.19463
9,113,-136,150,290,145,0,3,0.20962
10,113,-144,150,284,145,0,3,0.17193
11,113,-152,150,277,145,0,3,0.20504
5,114,281,199,36,54,0,2,0.37838
6,114,307,198,35,55,0,2,0.48214
7,114,333,197,35,57,0,2,0.5
8,114,359,200,36,54,0,2,0.47273
9,114,391,199,36,54,0,2,0.50909
10,114,423,198,36,54,0,2,0.49877
11,114,455,197,36,54,0,2,0.0
5,115,268,225,63,36,0,4,0.67188
6,115,295,225,63,35,0,4,0.98438
7,115,323,226,62,34,0,4,1.0
8,115,350,226,62,35,0,4,1.0
9,115,378,227,62,35,0,4,1.0
10,115,405,227,63,36,0,4,0.82812
13,116,-41,128,72,174,0,2,0.27609
14,116,-32,139,73,168,0,2,0.34296
15,116,-20,143,74,162,0,2,0.46151
16,116,-20,145,75,155,0,2,0.4224
17,116,-20,142,73,170,0,2,0.34345
18,116,-23,140,73,173,0,2,0.31842
19,116,-26,138,74,177,0,2,0.29843
1,117,307,213,12,32,1,1,1.0
2,117,312,213,12,32,1,1,1.0
3,117,317,213,12,32,1,1,1.0
4,117,322,213,12,32,1,1,1.0
5,117,329,213,12,32,1,1,0.85315
6,117,336,213,12,32,1,1,0.16783
7,117,343,214,12,32,1,1,0.0
8,117,350,214,12,32,1,1,0.25175
9,117,357,215,12,32,1,1,1.0
10,117,365,215,12,32,1,1,1.0
11,117,374,216,12,32,1,1,1.0
12,117,383,216,12,32,1,1,1.0
13,117,392,216,12,32,1,1,1.0
14,117,402,217,12,32,1,1,0.38462
15,117,413,217,12,33,1,1,0.0
16,117,416,214,12,34,1,1,0.0
17,117,419,212,12,34,1,1,0.0
18,117,422,209,13,35,1,1,0.0
19,117,425,207,13,35,1,1,0.0
1,118,493,187,24,49,0,8,0.0
2,118,501,187,25,49,0,8,0.0
3,118,510,187,25,49,0,8,0.0
4,118,519,187,25,50,0,8,0.0
5,118,528,187,25,50,0,8,0.0
6,118,537,187,25,50,0,8,0.0
1,125,114,154,85,176,1,1,1.0
2,125,117,152,86,180,1,1,1.0
3,125,121,151,86,184,1,1,1.0
4,125,126,150,87,186,1,1,1.0
5,125,131,149,89,189,1,1,1.0
6,125,136,148,91,192,1,1,1.0
7,125,141,147,93,195,1,1,1.0
8,125,146,146,95,198,1,1,1.0
9,125,151,145,97,201,1,1,1.0
10,125,156,144,99,204,1,1,1.0
11,125,164,142,100,208,1,1,1.0
12,125,172,141,101,211,1,1,1.0
13,125,181,140,101,215,1,1,1.0
14,125,189,139,102,218,1,1,1.0
15,125,197,138,103,221,1,1,1.0
16,125,206,137,104,225,1,1,1.0
17,125,209,134,104,228,1,1,1.0
18,125,212,132,105,230,1,1,1.0
19,125,215,130,106,233,1,1,1.0
13,132,-33,230,59,122,0,4,0.43333
14,132,-26,228,59,123,0,4,0.55
15,132,-19,227,59,124,0,4,0.66667
16,132,-12,225,59,125,0,4,0.78333
17,132,-4,224,58,126,0,4,0.91525
18,132,-5,222,59,130,0,4,0.9
19,132,-6,221,61,133,0,4,0.8871
1,146,325,-9,325,257,0,9,0.87112
2,146,332,-20,333,268,0,9,0.78879
3,146,339,-30,341,278,0,9,0.71852
4,146,346,-40,349,288,0,9,0.65517
5,146,353,-50,357,298,0,9,0.59388
6,146,360,-60,365,308,0,9,0.53799
7,146,367,-70,373,318,0,9,0.48398
8,146,374,-80,381,328,0,9,0.43023
9,146,381,-90,389,338,0,9,0.38245
10,146,388,-100,397,348,0,9,0.34511
11,146,395,-110,405,358,0,9,0.32444
12,146,401,-110,399,358,0,9,0.31309
13,146,408,-109,392,358,0,9,0.29843
14,146,414,-108,386,358,0,9,0.2892
15,146,421,-107,379,358,0,9,0.28383
16,146,427,-106,373,358,0,9,0.28052
17,146,434,-105,366,358,0,9,0.27495
18,146,440,-104,360,358,0,9,0.26986
19,146,447,-103,353,358,0,9,0.26562
1,150,259,204,19,47,1,1,0.3
2,150,264,204,19,44,1,1,0.7
3,150,270,204,19,45,1,1,0.8
4,150,276,204,19,46,1,1,0.75
5,150,282,204,20,47,1,1,0.0
6,150,288,205,20,47,1,1,0.21825
7,150,294,205,21,48,1,1,0.59091
8,150,300,205,21,49,1,1,0.54545
9,150,306,206,22,50,1,1,0.52174
10,150,313,206,23,48,1,1,0.5
11,150,320,206,24,47,1,1,0.4
12,150,328,207,23,48,1,1,0.375
13,150,337,209,22,48,1,1,0.34783
14,150,348,207,22,50,1,1,0.47826
15,150,359,206,22,51,1,1,0.6087
