1,1,1363,569,103,241,1,1,0.86014
2,1,1362,568,103,241,1,1,0.86173
3,1,1362,568,103,241,1,1,0.86173
4,1,1362,568,103,241,1,1,0.86173
5,1,1362,568,103,241,1,1,0.86173
6,1,1362,568,103,241,1,1,0.86173
7,1,1362,568,103,241,1,1,0.86173
8,1,1362,568,103,241,1,1,0.86173
9,1,1362,568,103,241,1,1,0.86173
10,1,1362,568,103,241,1,1,0.86173
11,1,1362,568,103,241,1,1,0.86173
12,1,1362,568,103,241,1,1,0.86173
13,1,1362,568,103,241,1,1,0.86173
14,1,1362,568,103,241,1,1,0.86173
15,1,1362,568,103,241,1,1,0.86173
16,1,1362,568,103,241,1,1,0.86173
17,1,1362,568,103,241,1,1,0.86173
18,1,1362,568,103,241,1,1,0.86173
1,2,371,410,80,239,1,1,1.0
2,2,371,408,80,239,1,1,1.0
3,2,372,407,80,239,1,1,1.0
4,2,372,406,81,239,1,1,1.0
5,2,373,405,81,239,1,1,1.0
6,2,373,404,82,238,1,1,1.0
7,2,374,403,81,238,1,1,1.0
8,2,374,402,82,238,1,1,1.0
9,2,375,401,82,238,1,1,1.0
10,2,375,400,83,237,1,1,1.0
11,2,376,399,83,237,1,1,1.0
12,2,377,397,82,238,1,1,1.0
13,2,377,396,83,238,1,1,1.0
14,2,378,395,83,237,1,1,1.0
15,2,378,394,84,237,1,1,1.0
16,2,379,393,84,237,1,1,1.0
17,2,379,392,84,237,1,1,1.0
18,2,380,391,84,236,1,1,1.0
1,3,103,549,83,251,1,1,1.0
2,3,102,549,83,250,1,1,1.0
3,3,102,549,83,250,1,1,1.0
4,3,102,549,83,250,1,1,1.0
5,3,102,549,83,250,1,1,1.0
6,3,102,549,83,250,1,1,1.0
7,3,102,549,83,250,1,1,1.0
8,3,102,549,83,250,1,1,1.0
9,3,102,549,83,250,1,1,1.0
10,3,102,549,83,250,1,1,1.0
11,3,102,549,83,250,1,1,1.0
12,3,102,549,83,250,1,1,1.0
13,3,102,549,83,250,1,1,1.0
14,3,102,549,83,250,1,1,1.0
15,3,102,549,83,250,1,1,1.0
16,3,102,549,83,250,1,1,1.0
17,3,102,549,83,250,1,1,1.0
18,3,102,549,83,250,1,1,1.0
1,4,1734,457,76,213,1,1,0.98386
2,4,1733,457,76,212,1,1,0.97586
3,4,1732,457,76,212,1,1,0.96781
4,4,1731,457,76,212,1,1,0.95976
5,4,1730,457,76,211,1,1,0.95185
6,4,1730,457,75,211,1,1,0.95122
7,4,1729,457,75,211,1,1,0.94309
8,4,1728,457,75,210,1,1,0.93515
9,4,1727,457,75,210,1,1,0.92704
10,4,1726,457,75,210,1,1,0.91893
11,4,1726,458,74,209,1,1,0.91746
12,4,1725,458,74,209,1,1,0.90921
13,4,1725,458,74,209,1,1,0.90921
14,4,1725,458,74,209,1,1,0.90921
15,4,1725,458,74,209,1,1,0.90921
16,4,1725,458,74,209,1,1,0.90921
17,4,1725,458,74,209,1,1,0.90921
18,4,1724,458,74,209,1,1,0.90095
1,5,1098,980,78,208,1,1,0.48325
2,5,1101,979,78,209,1,1,0.48571
3,5,1104,978,78,210,1,1,0.48815
4,5,1107,977,78,211,1,1,0.49057
5,5,1111,977,77,211,1,1,0.49057
6,5,1114,976,78,212,1,1,0.49296
7,5,1117,975,78,213,1,1,0.49533
8,5,1121,975,77,213,1,1,0.49533
9,5,1124,974,77,214,1,1,0.49767
10,5,1127,973,77,215,1,1,0.5
11,5,1131,973,77,215,1,1,0.5
12,5,1132,973,77,215,1,1,0.5
13,5,1134,973,77,215,1,1,0.5
14,5,1136,973,77,215,1,1,0.5
15,5,1138,973,77,215,1,1,0.5
16,5,1140,974,77,214,1,1,0.49767
17,5,1142,974,76,214,1,1,0.49767
18,5,1144,974,76,214,1,1,0.49767
1,6,632,761,100,251,1,1,0.31903
2,6,631,761,100,251,1,1,0.31903
3,6,631,761,100,251,1,1,0.31903
4,6,631,761,100,251,1,1,0.31903
5,6,631,761,100,251,1,1,0.31903
6,6,631,761,100,251,1,1,0.31903
7,6,631,761,100,251,1,1,0.31903
8,6,631,761,100,251,1,1,0.31903
9,6,631,761,100,251,1,1,0.31903
10,6,631,761,100,251,1,1,0.31903
11,6,631,761,100,251,1,1,0.31903
12,6,631,761,100,251,1,1,0.31903
13,6,631,761,100,251,1,1,0.31903
14,6,631,761,100,251,1,1,0.31903
15,6,631,761,100,251,1,1,0.31903
16,6,631,761,100,251,1,1,0.31903
17,6,631,761,100,251,1,1,0.31903
18,6,631,761,100,251,1,1,0.31903
1,7,623,901,144,123,0,11,1.0
2,7,623,901,144,123,0,11,1.0
3,7,623,901,144,123,0,11,1.0
4,7,623,901,144,123,0,11,1.0
5,7,623,901,144,123,0,11,1.0
6,7,623,901,144,123,0,11,1.0
7,7,623,901,144,123,0,11,1.0
8,7,623,901,144,123,0,11,1.0
9,7,623,901,144,123,0,11,1.0
10,7,623,901,144,123,0,11,1.0
11,7,623,901,144,123,0,11,1.0
12,7,623,901,144,123,0,11,1.0
13,7,623,901,144,123,0,11,1.0
14,7,623,901,144,123,0,11,1.0
15,7,623,901,144,123,0,11,1.0
16,7,623,901,144,123,0,11,1.0
17,7,623,901,144,123,0,11,1.0
18,7,623,901,144,123,0,11,1.0
1,8,671,427,42,652,0,10,0.80063
2,8,671,427,42,652,0,10,0.80063
3,8,671,427,42,652,0,10,0.80063
4,8,671,427,42,652,0,10,0.80063
5,8,671,427,42,652,0,10,0.80063
6,8,671,427,42,652,0,10,0.80063
7,8,671,427,42,652,0,10,0.80063
8,8,671,427,42,652,0,10,0.80063
9,8,671,427,42,652,0,10,0.80063
10,8,671,427,42,652,0,10,0.80063
11,8,671,427,42,652,0,10,0.80063
12,8,671,427,42,652,0,10,0.80063
13,8,671,427,42,652,0,10,0.80063
14,8,671,427,42,652,0,10,0.80063
15,8,671,427,42,652,0,10,0.80063
16,8,671,427,42,652,0,10,0.80063
17,8,671,427,42,652,0,10,0.80063
18,8,671,427,42,652,0,10,0.80063
1,9,1516,126,100,73,0,11,1.0
2,9,1516,126,100,73,0,11,1.0
3,9,1516,126,100,73,0,11,1.0
4,9,1516,126,100,73,0,11,1.0
5,9,1516,126,100,73,0,11,1.0
6,9,1516,126,100,73,0,11,1.0
7,9,1516,126,100,73,0,11,1.0
8,9,1516,126,100,73,0,11,1.0
9,9,1516,126,100,73,0,11,1.0
10,9,1516,126,100,73,0,11,1.0
11,9,1516,126,100,73,0,11,1.0
12,9,1516,126,100,73,0,11,1.0
13,9,1516,126,100,73,0,11,1.0
14,9,1516,126,100,73,0,11,1.0
15,9,1516,126,100,73,0,11,1.0
16,9,1516,126,100,73,0,11,1.0
17,9,1516,126,100,73,0,11,1.0
18,9,1516,126,100,73,0,11,1.0
1,10,1556,-1,25,129,0,11,1.0
2,10,1556,-1,25,129,0,11,1.0
3,10,1556,-1,25,129,0,11,1.0
4,10,1556,-1,25,129,0,11,1.0
5,10,1556,-1,25,129,0,11,1.0
6,10,1556,-1,25,129,0,11,1.0
7,10,1556,-1,25,129,0,11,1.0
8,10,1556,-1,25,129,0,11,1.0
9,10,1556,-1,25,129,0,11,1.0
10,10,1556,-1,25,129,0,11,1.0
11,10,1556,-1,25,129,0,11,1.0
12,10,1556,-1,25,129,0,11,1.0
13,10,1556,-1,25,129,0,11,1.0
14,10,1556,-1,25,129,0,11,1.0
15,10,1556,-1,25,129,0,11,1.0
16,10,1556,-1,25,129,0,11,1.0
17,10,1556,-1,25,129,0,11,1.0
18,10,1556,-1,25,129,0,11,1.0
1,11,1545,196,28,81,0,10,0.71909
2,11,1545,196,28,81,0,10,0.70101
3,11,1545,196,28,81,0,10,0.68713
4,11,1545,196,28,81,0,10,0.67241
5,11,1545,196,28,81,0,10,0.6598
6,11,1545,196,28,81,0,10,0.6434
7,11,1545,196,28,81,0,10,0.62616
8,11,1545,196,28,81,0,10,0.61186
9,11,1545,196,28,81,0,10,0.59294
10,11,1545,196,28,81,0,10,0.57317
11,11,1545,196,28,81,0,10,0.57317
12,11,1545,196,28,81,0,10,0.56098
13,11,1545,196,28,81,0,10,0.56098
14,11,1545,196,28,81,0,10,0.54878
15,11,1545,196,28,81,0,10,0.54878
16,11,1545,196,28,81,0,10,0.54878
17,11,1545,196,28,81,0,10,0.53659
18,11,1545,196,28,81,0,10,0.53659
1,12,1513,266,95,80,0,11,1.0
2,12,1513,266,95,80,0,11,1.0
3,12,1513,266,95,80,0,11,1.0
4,12,1513,266,95,80,0,11,1.0
5,12,1513,266,95,80,0,11,1.0
6,12,1513,266,95,80,0,11,1.0
7,12,1513,266,95,80,0,11,1.0
8,12,1513,266,95,80,0,11,1.0
9,12,1513,266,95,80,0,11,1.0
10,12,1513,266,95,80,0,11,1.0
11,12,1513,266,95,80,0,11,1.0
12,12,1513,266,95,80,0,11,1.0
13,12,1513,266,95,80,0,11,1.0
14,12,1513,266,95,80,0,11,1.0
15,12,1513,266,95,80,0,11,1.0
16,12,1513,266,95,80,0,11,1.0
17,12,1513,266,95,80,0,11,1.0
18,12,1513,266,95,80,0,11,1.0
1,13,1537,342,29,197,0,10,0.17121
2,13,1537,342,29,197,0,10,0.17121
3,13,1537,342,29,197,0,10,0.17121
4,13,1537,342,29,197,0,10,0.17121
5,13,1537,342,29,197,0,10,0.17121
6,13,1537,342,29,197,0,10,0.17121
7,13,1537,342,29,197,0,10,0.17121
8,13,1537,342,29,197,0,10,0.17121
9,13,1537,342,29,197,0,10,0.17121
10,13,1537,342,29,197,0,10,0.17121
11,13,1537,342,29,197,0,10,0.17576
12,13,1537,342,29,197,0,10,0.17576
13,13,1537,342,29,197,0,10,0.17576
14,13,1537,342,29,197,0,10,0.17576
15,13,1537,342,29,197,0,10,0.17576
16,13,1537,342,29,197,0,10,0.17576
17,13,1537,342,29,197,0,10,0.17576
18,13,1537,342,29,197,0,10,0.17576
1,14,1537,381,94,212,0,10,0.44354
2,14,1537,381,93,212,0,10,0.44042
3,14,1537,381,93,212,0,10,0.44042
4,14,1537,381,93,212,0,10,0.44042
5,14,1537,381,93,212,0,10,0.44042
6,14,1537,381,93,212,0,10,0.44042
7,14,1537,381,93,212,0,10,0.44042
8,14,1537,381,93,212,0,10,0.44042
9,14,1537,381,93,212,0,10,0.44042
10,14,1537,381,93,212,0,10,0.44042
11,14,1537,382,93,211,0,10,0.44049
12,14,1537,382,93,211,0,10,0.44049
13,14,1537,382,93,211,0,10,0.44049
14,14,1537,382,93,211,0,10,0.44049
15,14,1537,382,93,211,0,10,0.44049
16,14,1537,382,93,211,0,10,0.44049
17,14,1537,382,93,211,0,10,0.44049
18,14,1537,382,93,211,0,10,0.44049
1,15,1299,74,76,92,0,10,0.80324
2,15,1299,74,76,92,0,10,0.80352
3,15,1299,74,76,92,0,10,0.80352
4,15,1299,74,76,92,0,10,0.80352
5,15,1299,74,76,92,0,10,0.80352
6,15,1299,74,76,92,0,10,0.80352
7,15,1299,74,76,92,0,10,0.80352
8,15,1299,74,76,92,0,10,0.80352
9,15,1299,74,76,92,0,10,0.80352
10,15,1299,74,76,92,0,10,0.80352
11,15,1299,74,76,92,0,10,0.80352
12,15,1299,74,76,92,0,10,0.80352
13,15,1299,74,76,92,0,10,0.80352
14,15,1299,74,76,92,0,10,0.80352
15,15,1299,74,76,92,0,10,0.80352
16,15,1299,74,76,92,0,10,0.80352
17,15,1299,74,76,92,0,10,0.80352
18,15,1299,74,76,92,0,10,0.80352
1,16,1311,2,49,73,0,11,1.0
2,16,1311,1,48,74,0,11,1.0
3,16,1311,1,48,74,0,11,1.0
4,16,1311,1,48,74,0,11,1.0
5,16,1311,1,48,74,0,11,1.0
6,16,1311,1,48,74,0,11,1.0
7,16,1311,1,48,74,0,11,1.0
8,16,1311,1,48,74,0,11,1.0
9,16,1311,1,48,74,0,11,1.0
10,16,1311,1,48,74,0,11,1.0
11,16,1311,1,48,74,0,11,1.0
12,16,1311,1,48,74,0,11,1.0
13,16,1311,1,48,74,0,11,1.0
14,16,1311,1,48,74,0,11,1.0
15,16,1311,1,48,74,0,11,1.0
16,16,1311,1,48,74,0,11,1.0
17,16,1311,1,48,74,0,11,1.0
18,16,1311,1,48,74,0,11,1.0
1,17,1564,380,53,110,0,11,1.0
2,17,1564,380,53,110,0,11,1.0
3,17,1564,380,53,110,0,11,1.0
4,17,1564,380,53,110,0,11,1.0
5,17,1564,380,53,110,0,11,1.0
6,17,1564,380,53,110,0,11,1.0
7,17,1564,380,53,110,0,11,1.0
8,17,1564,380,53,110,0,11,1.0
9,17,1564,380,53,110,0,11,1.0
10,17,1564,380,53,110,0,11,1.0
11,17,1564,380,53,110,0,11,1.0
12,17,1564,380,53,110,0,11,1.0
13,17,1564,380,53,110,0,11,1.0
14,17,1564,380,53,110,0,11,1.0
15,17,1564,380,53,110,0,11,1.0
16,17,1564,380,53,110,0,11,1.0
17,17,1564,380,53,110,0,11,1.0
18,17,1564,380,53,110,0,11,1.0
1,18,1842,581,80,78,0,11,1.0
2,18,1842,581,80,78,0,11,1.0
3,18,1842,581,80,78,0,11,1.0
4,18,1842,581,80,78,0,11,1.0
5,18,1842,581,80,78,0,11,1.0
6,18,1842,581,80,78,0,11,1.0
7,18,1842,581,80,78,0,11,1.0
8,18,1842,581,80,78,0,11,1.0
9,18,1842,581,80,78,0,11,1.0
10,18,1842,581,80,78,0,11,1.0
11,18,1842,581,80,78,0,11,1.0
12,18,1842,581,80,78,0,11,1.0
13,18,1842,581,80,78,0,11,1.0
14,18,1842,581,80,78,0,11,1.0
15,18,1842,581,80,78,0,11,1.0
16,18,1842,581,80,78,0,11,1.0
17,18,1842,581,80,78,0,11,1.0
18,18,1842,581,80,78,0,11,1.0
1,19,1817,918,19,101,0,10,0.74118
2,19,1817,918,19,101,0,10,0.74118
3,19,1817,918,19,101,0,10,0.74118
4,19,1817,918,19,101,0,10,0.74118
5,19,1817,918,19,101,0,10,0.74118
6,19,1817,918,19,101,0,10,0.74118
7,19,1817,918,19,101,0,10,0.74118
8,19,1817,918,19,101,0,10,0.74118
9,19,1817,918,19,101,0,10,0.74118
10,19,1817,918,19,101,0,10,0.74118
11,19,1817,918,19,101,0,10,0.74118
12,19,1817,918,19,101,0,10,0.74118
13,19,1817,918,19,101,0,10,0.74118
14,19,1817,918,19,101,0,10,0.74118
15,19,1817,918,19,101,0,10,0.74118
16,19,1817,918,19,101,0,10,0.74118
17,19,1817,918,19,101,0,10,0.74118
18,19,1817,918,19,101,0,10,0.74118
1,20,1860,978,19,106,0,10,0.91589
2,20,1860,978,19,106,0,10,0.91589
3,20,1860,978,19,106,0,10,0.91589
4,20,1860,978,19,106,0,10,0.91589
5,20,1860,978,19,106,0,10,0.91589
6,20,1860,978,19,106,0,10,0.91589
7,20,1860,978,19,106,0,10,0.91589
8,20,1860,978,19,106,0,10,0.91589
9,20,1860,978,19,106,0,10,0.91589
10,20,1860,978,19,106,0,10,0.91589
11,20,1860,978,19,106,0,10,0.91589
12,20,1860,978,19,106,0,10,0.91589
13,20,1860,978,19,106,0,10,0.91589
14,20,1860,978,19,106,0,10,0.91589
15,20,1860,978,19,106,0,10,0.91589
16,20,1860,978,19,106,0,10,0.91589
17,20,1860,978,19,106,0,10,0.91589
18,20,1860,978,19,106,0,10,0.91589
1,21,1838,655,15,53,0,10,0.70833
2,21,1837,655,16,52,0,10,0.72586
3,21,1837,655,16,52,0,10,0.72586
4,21,1837,655,16,52,0,10,0.72586
5,21,1837,655,16,52,0,10,0.72586
6,21,1837,655,16,52,0,10,0.72586
7,21,1837,655,16,52,0,10,0.72586
8,21,1837,655,16,52,0,10,0.72586
9,21,1837,655,16,52,0,10,0.72586
10,21,1837,655,16,52,0,10,0.72586
11,21,1837,655,16,52,0,10,0.72586
12,21,1837,655,16,52,0,10,0.72586
13,21,1837,655,16,52,0,10,0.72586
14,21,1837,655,16,52,0,10,0.72586
15,21,1837,655,16,52,0,10,0.72586
16,21,1837,655,16,52,0,10,0.72586
17,21,1837,655,16,52,0,10,0.72586
18,21,1837,655,16,52,0,10,0.72586
1,22,1856,724,35,258,0,11,1.0
2,22,1856,724,35,258,0,11,1.0
3,22,1856,724,35,258,0,11,1.0
4,22,1856,724,35,258,0,11,1.0
5,22,1856,724,35,258,0,11,1.0
6,22,1856,724,35,258,0,11,1.0
7,22,1856,724,35,258,0,11,1.0
8,22,1856,724,35,258,0,11,1.0
9,22,1856,724,35,258,0,11,1.0
10,22,1856,724,35,258,0,11,1.0
11,22,1856,724,35,258,0,11,1.0
12,22,1856,724,35,258,0,11,1.0
13,22,1856,724,35,258,0,11,1.0
14,22,1856,724,35,258,0,11,1.0
15,22,1856,724,35,258,0,11,1.0
16,22,1856,724,35,258,0,11,1.0
17,22,1856,724,35,258,0,11,1.0
18,22,1856,724,35,258,0,11,1.0
1,23,1826,697,42,268,0,11,1.0
2,23,1826,697,42,268,0,11,1.0
3,23,1826,697,42,268,0,11,1.0
4,23,1826,697,42,268,0,11,1.0
5,23,1826,697,42,268,0,11,1.0
6,23,1826,697,42,268,0,11,1.0
7,23,1826,697,42,268,0,11,1.0
8,23,1826,697,42,268,0,11,1.0
9,23,1826,697,42,268,0,11,1.0
10,23,1826,697,42,268,0,11,1.0
11,23,1826,697,42,268,0,11,1.0
12,23,1826,697,42,268,0,11,1.0
13,23,1826,697,42,268,0,11,1.0
14,23,1826,697,42,268,0,11,1.0
15,23,1826,697,42,268,0,11,1.0
16,23,1826,697,42,268,0,11,1.0
17,23,1826,697,42,268,0,11,1.0
18,23,1826,697,42,268,0,11,1.0
1,24,622,274,91,90,0,11,1.0
2,24,622,274,91,90,0,11,1.0
3,24,622,274,91,90,0,11,1.0
4,24,622,274,91,90,0,11,1.0
5,24,622,274,91,90,0,11,1.0
6,24,622,274,91,90,0,11,1.0
7,24,622,274,91,90,0,11,1.0
8,24,622,274,91,90,0,11,1.0
9,24,622,274,91,90,0,11,1.0
10,24,622,274,91,90,0,11,1.0
11,24,622,274,91,90,0,11,1.0
12,24,622,274,91,90,0,11,1.0
13,24,622,274,91,90,0,11,1.0
14,24,622,274,91,90,0,11,1.0
15,24,622,274,91,90,0,11,1.0
16,24,622,274,91,90,0,11,1.0
17,24,622,274,91,90,0,11,1.0
18,24,622,274,91,90,0,11,1.0
1,25,616,129,101,71,0,11,1.0
2,25,616,129,101,71,0,11,1.0
3,25,616,129,101,71,0,11,1.0
4,25,616,129,101,71,0,11,1.0
5,25,616,129,101,71,0,11,1.0
6,25,616,129,101,71,0,11,1.0
7,25,616,129,101,71,0,11,1.0
8,25,616,129,101,71,0,11,1.0
9,25,616,129,101,71,0,11,1.0
10,25,616,129,101,71,0,11,1.0
11,25,616,129,101,71,0,11,1.0
12,25,616,129,101,71,0,11,1.0
13,25,616,129,101,71,0,11,1.0
14,25,616,129,101,71,0,11,1.0
15,25,616,129,101,71,0,11,1.0
16,25,616,129,101,71,0,11,1.0
17,25,616,129,101,71,0,11,1.0
18,25,616,129,101,71,0,11,1.0
1,26,650,1,29,133,0,11,1.0
2,26,650,1,29,133,0,11,1.0
3,26,650,1,29,133,0,11,1.0
4,26,650,1,29,133,0,11,1.0
5,26,650,1,29,133,0,11,1.0
6,26,650,1,29,133,0,11,1.0
7,26,650,1,29,133,0,11,1.0
8,26,650,1,29,133,0,11,1.0
9,26,650,1,29,133,0,11,1.0
10,26,650,1,29,133,0,11,1.0
11,26,650,1,29,133,0,11,1.0
12,26,650,1,29,133,0,11,1.0
13,26,650,1,29,133,0,11,1.0
14,26,650,1,29,133,0,11,1.0
15,26,650,1,29,133,0,11,1.0
16,26,650,1,29,133,0,11,1.0
17,26,650,1,29,133,0,11,1.0
18,26,650,1,29,133,0,11,1.0
1,27,654,194,26,84,0,11,1.0
2,27,654,194,26,84,0,11,1.0
3,27,654,194,26,84,0,11,1.0
4,27,654,194,26,84,0,11,1.0
5,27,654,194,26,84,0,11,1.0
6,27,654,194,26,84,0,11,1.0
7,27,654,194,26,84,0,11,1.0
8,27,654,194,26,84,0,11,1.0
9,27,654,194,26,84,0,11,1.0
10,27,654,194,26,84,0,11,1.0
11,27,654,194,26,84,0,11,1.0
12,27,654,194,26,84,0,11,1.0
13,27,654,194,26,84,0,11,1.0
14,27,654,194,26,84,0,11,1.0
15,27,654,194,26,84,0,11,1.0
16,27,654,194,26,84,0,11,1.0
17,27,654,194,26,84,0,11,1.0
18,27,654,194,26,84,0,11,1.0
1,28,654,363,30,82,0,11,1.0
2,28,654,363,30,82,0,11,1.0
3,28,654,363,30,82,0,11,1.0
4,28,654,363,30,82,0,11,1.0
5,28,654,363,30,82,0,11,1.0
6,28,654,363,30,82,0,11,1.0
7,28,654,363,30,82,0,11,1.0
8,28,654,363,30,82,0,11,1.0
9,28,654,363,30,82,0,11,1.0
10,28,654,363,30,82,0,11,1.0
11,28,654,363,30,82,0,11,1.0
12,28,654,363,30,82,0,11,1.0
13,28,654,363,30,82,0,11,1.0
14,28,654,363,30,82,0,11,1.0
15,28,654,363,30,82,0,11,1.0
16,28,654,363,30,82,0,11,1.0
17,28,654,363,30,82,0,11,1.0
18,28,654,363,30,82,0,11,1.0
1,29,621,437,55,245,0,10,0.88175
2,29,620,437,56,245,0,10,0.88383
3,29,620,437,56,245,0,10,0.88383
4,29,620,437,56,245,0,10,0.88383
5,29,620,437,56,245,0,10,0.88383
6,29,620,437,56,245,0,10,0.88383
7,29,620,437,56,245,0,10,0.88383
8,29,620,437,56,245,0,10,0.88383
9,29,620,437,56,245,0,10,0.88383
10,29,620,437,56,245,0,10,0.88383
11,29,620,437,56,245,0,10,0.88383
12,29,620,437,56,245,0,10,0.88383
13,29,620,437,56,245,0,10,0.88383
14,29,620,437,56,245,0,10,0.88383
15,29,620,437,56,245,0,10,0.88383
16,29,620,437,56,245,0,10,0.88383
17,29,620,437,56,245,0,10,0.88383
18,29,620,437,56,245,0,10,0.88383
1,30,616,-1,40,137,0,10,0.3245
2,30,616,-1,40,137,0,10,0.3245
3,30,616,-1,40,137,0,10,0.3245
4,30,616,-1,40,137,0,10,0.3245
5,30,616,-1,40,137,0,10,0.3245
6,30,616,-1,40,137,0,10,0.3245
7,30,616,-1,40,137,0,10,0.3245
8,30,616,-1,40,137,0,10,0.3245
9,30,616,-1,40,137,0,10,0.3245
10,30,616,-1,40,137,0,10,0.3245
11,30,616,-1,40,137,0,10,0.3245
12,30,616,-1,40,137,0,10,0.3245
13,30,616,-1,40,137,0,10,0.3245
14,30,616,-1,40,137,0,10,0.3245
15,30,616,-1,40,137,0,10,0.3245
16,30,616,-1,40,137,0,10,0.3245
17,30,616,-1,40,137,0,10,0.3245
18,30,616,-1,40,137,0,10,0.3245
1,31,1413,723,39,100,0,10,1.0
2,31,1413,723,39,100,0,10,1.0
3,31,1413,723,39,100,0,10,1.0
4,31,1413,723,39,100,0,10,1.0
5,31,1413,723,39,100,0,10,1.0
6,31,1413,723,39,100,0,10,1.0
7,31,1413,723,39,100,0,10,1.0
8,31,1413,723,39,100,0,10,1.0
9,31,1413,723,39,100,0,10,1.0
10,31,1413,723,39,100,0,10,1.0
11,31,1413,723,39,100,0,10,1.0
12,31,1413,723,39,100,0,10,1.0
13,31,1413,723,39,100,0,10,1.0
14,31,1413,723,39,100,0,10,1.0
15,31,1413,723,39,100,0,10,1.0
16,31,1413,723,39,100,0,10,1.0
17,31,1413,723,39,100,0,10,1.0
18,31,1413,723,39,100,0,10,1.0
1,32,1468,864,43,102,0,10,1.0
2,32,1468,864,43,102,0,10,1.0
3,32,1468,864,43,102,0,10,1.0
4,32,1468,864,43,102,0,10,1.0
5,32,1468,864,43,102,0,10,1.0
6,32,1468,864,43,102,0,10,1.0
7,32,1468,864,43,102,0,10,1.0
8,32,1468,864,43,102,0,10,1.0
9,32,1468,864,43,102,0,10,1.0
10,32,1468,864,43,102,0,10,1.0
11,32,1468,864,43,102,0,10,1.0
12,32,1468,864,43,102,0,10,1.0
13,32,1468,864,43,102,0,10,1.0
14,32,1468,864,43,102,0,10,1.0
15,32,1468,864,43,102,0,10,1.0
16,32,1468,864,43,102,0,10,1.0
17,32,1468,864,43,102,0,10,1.0
18,32,1468,864,43,102,0,10,1.0
1,33,706,590,36,93,0,10,0.78378
2,33,706,590,36,93,0,10,0.78378
3,33,706,590,36,93,0,10,0.78378
4,33,706,590,36,93,0,10,0.78378
5,33,706,590,36,93,0,10,0.78378
6,33,706,590,36,93,0,10,0.78378
7,33,706,590,36,93,0,10,0.78378
8,33,706,590,36,93,0,10,0.78378
9,33,706,590,36,93,0,10,0.78378
10,33,706,590,36,93,0,10,0.78378
11,33,706,590,36,93,0,10,0.78378
12,33,706,590,36,93,0,10,0.78378
13,33,706,590,36,93,0,10,0.78378
14,33,706,590,36,93,0,10,0.78378
15,33,706,590,36,93,0,10,0.78378
16,33,706,590,36,93,0,10,0.78378
17,33,706,590,36,93,0,10,0.78378
18,33,706,590,36,93,0,10,0.78378
1,34,92,0,115,219,0,11,1.0
2,34,92,0,115,219,0,11,1.0
3,34,92,0,115,219,0,11,1.0
4,34,92,0,115,219,0,11,1.0
5,34,92,0,115,219,0,11,1.0
6,34,92,0,115,219,0,11,1.0
7,34,92,0,115,219,0,11,1.0
8,34,92,0,115,219,0,11,1.0
9,34,92,0,115,219,0,11,1.0
10,34,92,0,115,219,0,11,1.0
11,34,92,0,115,219,0,11,1.0
12,34,92,0,115,219,0,11,1.0
13,34,92,0,115,219,0,11,1.0
14,34,92,0,115,219,0,11,1.0
15,34,92,0,115,219,0,11,1.0
16,34,92,0,115,219,0,11,1.0
17,34,92,0,115,219,0,11,1.0
18,34,92,0,115,219,0,11,1.0
1,35,198,33,32,127,0,11,1.0
2,35,198,33,32,127,0,11,1.0
3,35,198,33,32,127,0,11,1.0
4,35,198,33,32,127,0,11,1.0
5,35,198,33,32,127,0,11,1.0
6,35,198,33,32,127,0,11,1.0
7,35,198,33,32,127,0,11,1.0
8,35,198,33,32,127,0,11,1.0
9,35,198,33,32,127,0,11,1.0
10,35,198,33,32,127,0,11,1.0
11,35,198,33,32,127,0,11,1.0
12,35,198,33,32,127,0,11,1.0
13,35,198,33,32,127,0,11,1.0
14,35,198,33,32,127,0,11,1.0
15,35,198,33,32,127,0,11,1.0
16,35,198,33,32,127,0,11,1.0
17,35,198,33,32,127,0,11,1.0
18,35,198,33,32,127,0,11,1.0
1,36,224,42,23,65,0,11,1.0
2,36,224,42,23,65,0,11,1.0
3,36,224,42,23,65,0,11,1.0
4,36,224,42,23,65,0,11,1.0
5,36,224,42,23,65,0,11,1.0
6,36,224,42,23,65,0,11,1.0
7,36,224,42,23,65,0,11,1.0
8,36,224,42,23,65,0,11,1.0
9,36,224,42,23,65,0,11,1.0
10,36,224,42,23,65,0,11,1.0
11,36,224,42,23,65,0,11,1.0
12,36,224,42,23,65,0,11,1.0
13,36,224,42,23,65,0,11,1.0
14,36,224,42,23,65,0,11,1.0
15,36,224,42,23,65,0,11,1.0
16,36,224,42,23,65,0,11,1.0
17,36,224,42,23,65,0,11,1.0
18,36,224,42,23,65,0,11,1.0
1,37,1871,257,26,69,0,10,1.0
2,37,1871,257,26,69,0,10,1.0
3,37,1871,257,26,69,0,10,1.0
4,37,1871,257,26,69,0,10,1.0
5,37,1871,257,26,69,0,10,1.0
6,37,1871,257,26,69,0,10,1.0
7,37,1871,257,26,69,0,10,1.0
8,37,1871,257,26,69,0,10,1.0
9,37,1871,257,26,69,0,10,1.0
10,37,1871,257,26,69,0,10,1.0
11,37,1871,257,26,69,0,10,1.0
12,37,1871,257,26,69,0,10,1.0
13,37,1871,257,26,69,0,10,1.0
14,37,1871,257,26,69,0,10,1.0
15,37,1871,257,26,69,0,10,0.96296
16,37,1871,257,26,69,0,10,0.92593
17,37,1871,257,26,69,0,10,0.88889
18,37,1871,257,26,69,0,10,0.81481
1,38,1584,777,34,50,0,10,1.0
2,38,1584,777,34,50,0,10,1.0
3,38,1584,777,34,50,0,10,1.0
4,38,1584,777,34,50,0,10,1.0
5,38,1584,777,34,50,0,10,1.0
6,38,1584,777,34,50,0,10,1.0
7,38,1584,777,34,50,0,10,1.0
8,38,1584,777,34,50,0,10,1.0
9,38,1584,777,34,50,0,10,1.0
10,38,1584,777,34,50,0,10,1.0
11,38,1584,777,34,50,0,10,1.0
12,38,1584,777,34,50,0,10,1.0
13,38,1584,777,34,50,0,10,1.0
14,38,1584,777,34,50,0,10,1.0
15,38,1584,777,34,50,0,10,1.0
16,38,1584,777,34,50,0,10,1.0
17,38,1584,777,34,50,0,10,1.0
18,38,1584,777,34,50,0,10,1.0
1,39,1658,915,36,56,0,10,1.0
2,39,1658,915,36,56,0,10,1.0
3,39,1658,915,36,56,0,10,1.0
4,39,1658,915,36,56,0,10,1.0
5,39,1658,915,36,56,0,10,1.0
6,39,1658,915,36,56,0,10,1.0
7,39,1658,915,36,56,0,10,1.0
8,39,1658,915,36,56,0,10,1.0
9,39,1658,915,36,56,0,10,1.0
10,39,1658,915,36,56,0,10,1.0
11,39,1658,915,36,56,0,10,1.0
12,39,1658,915,36,56,0,10,1.0
13,39,1658,915,36,56,0,10,1.0
14,39,1658,915,36,56,0,10,1.0
15,39,1658,915,36,56,0,10,1.0
16,39,1658,915,36,56,0,10,1.0
17,39,1658,915,36,56,0,10,1.0
18,39,1658,915,36,56,0,10,1.0
1,40,1340,288,28,36,0,10,0.86486
2,40,1340,288,28,36,0,10,0.86486
3,40,1340,288,28,36,0,10,0.86486
4,40,1340,288,28,36,0,10,0.86486
5,40,1340,288,28,36,0,10,0.86486
6,40,1340,288,28,36,0,10,0.86486
7,40,1340,288,28,36,0,10,0.86486
8,40,1340,288,28,36,0,10,0.86486
9,40,1340,288,28,36,0,10,0.86486
10,40,1340,288,28,36,0,10,0.86486
11,40,1340,288,28,36,0,10,0.86486
12,40,1340,288,28,36,0,10,0.86486
13,40,1340,288,28,36,0,10,0.86486
14,40,1340,288,28,36,0,10,0.86486
15,40,1340,288,28,36,0,10,0.86486
16,40,1340,288,28,36,0,10,0.86486
17,40,1340,288,28,36,0,10,0.86486
18,40,1340,288,28,36,0,10,0.86486
1,41,1249,111,27,32,0,10,0.17857
2,41,1249,111,27,32,0,10,0.17857
3,41,1249,111,27,32,0,10,0.17857
4,41,1249,111,27,32,0,10,0.17857
5,41,1249,111,27,32,0,10,0.17857
6,41,1249,111,27,32,0,10,0.14286
7,41,1249,111,27,32,0,10,0.14286
8,41,1249,111,27,32,0,10,0.14286
9,41,1249,111,27,32,0,10,0.14286
10,41,1249,111,27,32,0,10,0.14286
11,41,1249,111,27,32,0,10,0.10714
12,41,1249,111,27,32,0,10,0.10714
13,41,1249,111,27,32,0,10,0.10714
14,41,1249,111,27,32,0,10,0.10714
15,41,1249,111,27,32,0,10,0.10714
16,41,1249,111,27,32,0,10,0.071429
17,41,1249,111,27,32,0,10,0.071429
18,41,1249,111,27,32,0,10,0.071429
1,42,718,790,30,48,0,10,0.51613
2,42,718,790,30,48,0,10,0.54839
3,42,718,790,30,48,0,10,0.54839
4,42,718,790,30,48,0,10,0.54839
5,42,718,790,30,48,0,10,0.54839
6,42,718,790,30,48,0,10,0.54839
7,42,718,790,30,48,0,10,0.54839
8,42,718,790,30,48,0,10,0.54839
9,42,718,790,30,48,0,10,0.54839
10,42,718,790,30,48,0,10,0.54839
11,42,718,790,30,48,0,10,0.54839
12,42,718,790,30,48,0,10,0.54839
13,42,718,790,30,48,0,10,0.54839
14,42,718,790,30,48,0,10,0.54839
15,42,718,790,30,48,0,10,0.54839
16,42,718,790,30,48,0,10,0.54839
17,42,718,790,30,48,0,10,0.54839
18,42,718,790,30,48,0,10,0.54839
1,43,703,503,30,43,0,10,0.64516
2,43,703,503,30,43,0,10,0.64516
3,43,703,503,30,43,0,10,0.64516
4,43,703,503,30,43,0,10,0.64516
5,43,703,503,30,43,0,10,0.64516
6,43,703,503,30,43,0,10,0.64516
7,43,703,503,30,43,0,10,0.64516
8,43,703,503,30,43,0,10,0.64516
9,43,703,503,30,43,0,10,0.64516
10,43,703,503,30,43,0,10,0.64516
11,43,703,503,30,43,0,10,0.64516
12,43,703,503,30,43,0,10,0.64516
13,43,703,503,30,43,0,10,0.64516
14,43,703,503,30,43,0,10,0.64516
15,43,703,503,30,43,0,10,0.64516
16,43,703,503,30,43,0,10,0.64516
17,43,703,503,30,43,0,10,0.64516
18,43,703,503,30,43,0,10,0.64516
1,44,699,428,30,42,0,10,0.51613
2,44,699,428,30,42,0,10,0.51613
3,44,699,428,30,42,0,10,0.51613
4,44,699,428,30,42,0,10,0.51613
5,44,699,428,30,42,0,10,0.51613
6,44,699,428,30,42,0,10,0.51613
7,44,699,428,30,42,0,10,0.51613
8,44,699,428,30,42,0,10,0.51613
9,44,699,428,30,42,0,10,0.51613
10,44,699,428,30,42,0,10,0.51613
11,44,699,428,30,42,0,10,0.51613
12,44,699,428,30,42,0,10,0.51613
13,44,699,428,30,42,0,10,0.51613
14,44,699,428,30,42,0,10,0.51613
15,44,699,428,30,42,0,10,0.51613
16,44,699,428,30,42,0,10,0.51613
17,44,699,428,30,42,0,10,0.51613
18,44,699,428,30,42,0,10,0.51613
1,45,687,206,77,112,0,7,0.79226
2,45,687,206,77,112,0,7,0.79226
3,45,687,206,77,112,0,7,0.79226
4,45,687,206,77,112,0,7,0.79226
5,45,687,206,77,112,0,7,0.79226
6,45,687,206,77,112,0,7,0.79226
7,45,687,206,77,112,0,7,0.79226
8,45,687,206,77,112,0,7,0.79226
9,45,687,206,77,112,0,7,0.79226
10,45,687,206,77,112,0,7,0.79226
11,45,687,206,77,112,0,7,0.79226
12,45,687,206,77,112,0,7,0.79226
13,45,687,206,77,112,0,7,0.79226
14,45,687,206,77,112,0,7,0.79226
15,45,687,206,77,112,0,7,0.79226
16,45,687,206,77,112,0,7,0.79226
17,45,687,206,77,112,0,7,0.79226
18,45,687,206,77,112,0,7,0.79226
1,46,678,291,57,121,0,7,0.57603
2,46,678,291,57,121,0,7,0.57603
3,46,678,291,57,121,0,7,0.57603
4,46,678,291,57,121,0,7,0.57603
5,46,678,291,57,121,0,7,0.57603
6,46,678,291,57,121,0,7,0.57603
7,46,678,291,57,121,0,7,0.57603
8,46,678,291,57,121,0,7,0.57603
9,46,678,291,57,121,0,7,0.57603
10,46,678,291,57,121,0,7,0.57603
11,46,678,291,57,121,0,7,0.57603
12,46,678,291,57,121,0,7,0.57603
13,46,678,291,57,121,0,7,0.57603
14,46,678,291,57,121,0,7,0.57603
15,46,678,291,57,121,0,7,0.57603
16,46,678,291,57,121,0,7,0.57603
17,46,678,291,57,121,0,7,0.57603
18,46,678,291,57,121,0,7,0.57603
1,47,1543,628,176,116,0,4,1.0
2,47,1543,628,176,116,0,4,1.0
3,47,1543,628,176,116,0,4,1.0
4,47,1543,628,176,116,0,4,1.0
5,47,1543,628,176,116,0,4,1.0
6,47,1543,628,176,116,0,4,1.0
7,47,1543,628,176,116,0,4,1.0
8,47,1543,628,176,116,0,4,1.0
9,47,1543,628,176,116,0,4,1.0
10,47,1543,628,176,116,0,4,1.0
11,47,1543,628,176,116,0,4,1.0
12,47,1543,628,176,116,0,4,1.0
13,47,1543,628,176,116,0,4,1.0
14,47,1543,628,176,116,0,4,1.0
15,47,1543,628,176,116,0,4,1.0
16,47,1543,628,176,116,0,4,1.0
17,47,1543,628,176,116,0,4,1.0
18,47,1543,628,176,116,0,4,1.0
1,48,1193,320,270,255,0,3,0.98981
2,48,1193,320,270,255,0,3,0.98824
3,48,1193,320,270,255,0,3,0.98824
4,48,1193,320,270,255,0,3,0.98824
5,48,1193,320,270,255,0,3,0.98824
6,48,1193,320,270,255,0,3,0.98824
7,48,1193,320,270,255,0,3,0.98824
8,48,1193,320,270,255,0,3,0.98824
9,48,1193,320,270,255,0,3,0.98824
10,48,1193,320,270,255,0,3,0.98824
11,48,1193,320,270,255,0,3,0.98824
12,48,1193,320,270,255,0,3,0.98824
13,48,1193,320,270,255,0,3,0.98824
14,48,1193,320,270,255,0,3,0.98824
15,48,1193,320,270,255,0,3,0.98824
16,48,1193,320,270,255,0,3,0.98824
17,48,1193,320,270,255,0,3,0.98824
18,48,1193,320,270,255,0,3,0.98824
1,49,1790,94,152,105,0,4,0.85621
2,49,1790,94,152,105,0,4,0.85621
3,49,1790,94,152,105,0,4,0.85621
4,49,1790,94,152,105,0,4,0.85621
5,49,1790,94,152,105,0,4,0.85621
6,49,1790,94,152,105,0,4,0.85621
7,49,1790,94,152,105,0,4,0.85621
8,49,1790,94,152,105,0,4,0.85621
9,49,1790,94,152,105,0,4,0.85621
10,49,1790,94,152,105,0,4,0.85621
11,49,1790,94,152,105,0,4,0.85621
12,49,1790,94,152,105,0,4,0.85621
13,49,1790,94,152,105,0,4,0.85621
14,49,1790,94,152,105,0,4,0.85621
15,49,1790,94,152,105,0,4,0.85621
16,49,1790,94,152,105,0,4,0.85621
17,49,1790,94,152,105,0,4,0.85621
18,49,1790,94,152,105,0,4,0.85621
1,50,1483,538,252,181,0,5,0.64635
2,50,1483,538,252,181,0,5,0.64635
3,50,1483,538,252,181,0,5,0.64635
4,50,1483,538,252,181,0,5,0.64635
5,50,1483,538,252,181,0,5,0.64635
6,50,1483,538,252,181,0,5,0.64635
7,50,1483,538,252,181,0,5,0.64635
8,50,1483,538,252,181,0,5,0.64635
9,50,1483,538,252,181,0,5,0.64635
10,50,1483,538,252,181,0,5,0.64635
11,50,1483,538,252,181,0,5,0.64635
12,50,1483,538,252,181,0,5,0.64635
13,50,1483,538,252,181,0,5,0.64635
14,50,1483,538,252,181,0,5,0.64635
15,50,1483,538,252,181,0,5,0.64635
16,50,1483,538,252,181,0,5,0.64635
17,50,1483,538,252,181,0,5,0.64635
18,50,1483,538,252,181,0,5,0.64635
1,51,1279,173,129,104,0,4,1.0
2,51,1279,173,129,104,0,4,1.0
3,51,1279,173,129,104,0,4,1.0
4,51,1279,173,129,104,0,4,1.0
5,51,1279,173,129,104,0,4,1.0
6,51,1279,173,129,104,0,4,1.0
7,51,1279,173,129,104,0,4,1.0
8,51,1279,173,129,104,0,4,1.0
9,51,1279,173,129,104,0,4,0.99377
10,51,1279,173,129,104,0,4,0.9874
11,51,1279,173,129,104,0,4,0.9811
12,51,1279,173,129,104,0,4,0.96176
13,51,1279,173,129,104,0,4,0.94901
14,51,1279,173,129,104,0,4,0.93626
15,51,1279,173,129,104,0,4,0.92352
16,51,1279,173,129,104,0,4,0.91077
17,51,1279,173,129,104,0,4,0.8904
18,51,1279,173,129,104,0,4,0.87751
1,52,1280,153,162,96,0,4,0.12681
2,52,1280,153,162,96,0,4,0.11865
3,52,1280,153,162,96,0,4,0.11366
4,52,1280,153,162,96,0,4,0.10682
5,52,1280,153,162,96,0,4,0.10157
6,52,1280,153,162,96,0,4,0.098096
7,52,1280,153,162,96,0,4,0.089115
8,52,1280,153,162,96,0,4,0.083486
9,52,1280,153,162,96,0,4,0.083486
10,52,1280,153,162,96,0,4,0.081399
11,52,1280,153,162,96,0,4,0.081399
12,52,1280,153,162,96,0,4,0.079312
13,52,1280,153,162,96,0,4,0.079312
14,52,1280,153,162,96,0,4,0.079312
15,52,1280,153,162,96,0,4,0.079312
16,52,1280,153,162,96,0,4,0.079312
17,52,1280,153,162,96,0,4,0.080324
18,52,1280,153,162,96,0,4,0.083296
1,53,1249,150,160,99,0,4,0.21199
2,53,1249,150,160,99,0,4,0.21199
3,53,1249,150,160,99,0,4,0.21199
4,53,1249,150,160,99,0,4,0.21199
5,53,1249,150,160,99,0,4,0.21199
6,53,1249,150,160,99,0,4,0.21199
7,53,1249,150,160,99,0,4,0.21199
8,53,1249,150,160,99,0,4,0.21199
9,53,1249,150,160,99,0,4,0.21199
10,53,1249,150,160,99,0,4,0.21199
11,53,1249,150,160,99,0,4,0.21199
12,53,1249,150,160,99,0,4,0.21199
13,53,1249,150,160,99,0,4,0.21199
14,53,1249,150,160,99,0,4,0.21199
15,53,1249,150,160,99,0,4,0.21199
16,53,1249,150,160,99,0,4,0.21199
17,53,1249,150,160,99,0,4,0.21199
18,53,1249,150,160,99,0,4,0.21199
1,54,1185,-7,153,95,0,4,0.27591
2,54,1185,-7,153,95,0,4,0.27313
3,54,1185,-7,153,95,0,4,0.27056
4,54,1185,-7,153,95,0,4,0.27137
5,54,1185,-7,153,95,0,4,0.26502
6,54,1185,-7,153,95,0,4,0.26596
7,54,1185,-7,153,95,0,4,0.26346
8,54,1185,-7,153,95,0,4,0.25758
9,54,1185,-7,153,95,0,4,0.25866
10,54,1185,-7,153,95,0,4,0.25622
11,54,1185,-7,153,95,0,4,0.25731
12,54,1185,-7,153,95,0,4,0.2544
13,54,1185,-7,153,95,0,4,0.25798
14,54,1185,-7,153,95,0,4,0.25798
15,54,1185,-7,153,95,0,4,0.26157
16,54,1185,-7,153,95,0,4,0.2592
17,54,1185,-7,153,95,0,4,0.25663
18,54,1185,-7,153,95,0,4,0.26028
1,55,563,162,166,97,0,4,0.2782
2,55,562,161,166,97,0,4,0.27349
3,55,562,161,166,97,0,4,0.26751
4,55,562,161,166,97,0,4,0.26152
5,55,562,161,166,97,0,4,0.26152
6,55,562,161,166,97,0,4,0.25553
7,55,562,161,166,97,0,4,0.24954
8,55,562,161,166,97,0,4,0.24954
9,55,562,161,166,97,0,4,0.24355
10,55,562,161,166,97,0,4,0.23757
11,55,562,161,166,97,0,4,0.24355
12,55,562,161,166,97,0,4,0.24954
13,55,562,161,166,97,0,4,0.24954
14,55,562,161,166,97,0,4,0.25553
15,55,562,161,166,97,0,4,0.26152
16,55,562,161,166,97,0,4,0.26152
17,55,562,161,166,97,0,4,0.28547
18,55,562,161,166,97,0,4,0.30343
1,56,550,84,172,88,0,4,0.38475
2,56,550,84,172,88,0,4,0.38358
3,56,550,84,172,88,0,4,0.38274
4,56,550,84,172,88,0,4,0.38189
5,56,550,84,172,88,0,4,0.38189
6,56,550,84,172,88,0,4,0.38105
7,56,550,84,172,88,0,4,0.3802
8,56,550,84,172,88,0,4,0.3802
9,56,550,84,172,88,0,4,0.37936
10,56,550,84,172,88,0,4,0.37852
11,56,550,84,172,88,0,4,0.37936
12,56,550,84,172,88,0,4,0.38176
13,56,550,84,172,88,0,4,0.38332
14,56,550,84,172,88,0,4,0.38404
15,56,550,84,172,88,0,4,0.38618
16,56,550,84,172,88,0,4,0.38761
17,56,550,84,172,88,0,4,0.39112
18,56,550,84,172,88,0,4,0.39365
1,57,517,55,170,89,0,4,0.16589
2,57,517,55,170,89,0,4,0.16589
3,57,517,55,170,89,0,4,0.16589
4,57,517,55,170,89,0,4,0.16589
5,57,517,55,170,89,0,4,0.16589
6,57,517,55,170,89,0,4,0.16589
7,57,517,55,170,89,0,4,0.16589
8,57,517,55,170,89,0,4,0.16589
9,57,517,55,170,89,0,4,0.16589
10,57,517,55,170,89,0,4,0.16589
11,57,517,55,170,89,0,4,0.16589
12,57,517,55,170,89,0,4,0.16589
13,57,517,55,170,89,0,4,0.16589
14,57,517,55,170,89,0,4,0.16589
15,57,517,55,170,89,0,4,0.16589
16,57,517,55,170,89,0,4,0.16589
17,57,517,55,170,89,0,4,0.16589
18,57,517,55,170,89,0,4,0.16589
1,58,574,15,139,107,0,4,0.20529
2,58,574,15,139,107,0,4,0.20529
3,58,574,15,139,107,0,4,0.20529
4,58,574,15,139,107,0,4,0.20529
5,58,574,15,139,107,0,4,0.20529
6,58,574,15,139,107,0,4,0.20529
7,58,574,15,139,107,0,4,0.20529
8,58,574,15,139,107,0,4,0.20529
9,58,574,15,139,107,0,4,0.20529
10,58,574,15,139,107,0,4,0.20529
11,58,574,15,139,107,0,4,0.20529
12,58,574,15,139,107,0,4,0.20529
13,58,574,15,139,107,0,4,0.20529
14,58,574,15,139,107,0,4,0.20529
15,58,574,15,139,107,0,4,0.20529
16,58,574,15,139,107,0,4,0.20529
17,58,574,15,139,107,0,4,0.20529
18,58,574,15,139,107,0,4,0.20529
1,59,1725,882,196,134,0,4,0.68329
2,59,1725,882,196,134,0,4,0.68329
3,59,1725,882,196,134,0,4,0.68329
4,59,1725,882,196,134,0,4,0.68329
5,59,1725,882,196,134,0,4,0.68329
6,59,1725,882,196,134,0,4,0.68329
7,59,1725,882,196,134,0,4,0.68329
8,59,1725,882,196,134,0,4,0.68329
9,59,1725,882,196,134,0,4,0.68329
10,59,1725,882,196,134,0,4,0.68329
11,59,1725,882,196,134,0,4,0.68329
12,59,1725,882,196,134,0,4,0.68329
13,59,1725,882,196,134,0,4,0.68329
14,59,1725,882,196,134,0,4,0.68329
15,59,1725,882,196,134,0,4,0.68329
16,59,1725,882,196,134,0,4,0.68329
17,59,1725,882,196,134,0,4,0.68329
18,59,1725,882,196,134,0,4,0.68329
1,60,796,149,60,175,1,1,1.0
2,60,795,149,60,174,1,1,1.0
3,60,795,149,60,174,1,1,1.0
4,60,795,149,60,174,1,1,1.0
5,60,795,149,60,174,1,1,1.0
6,60,795,149,60,174,1,1,1.0
7,60,795,149,60,174,1,1,1.0
8,60,795,149,60,174,1,1,1.0
9,60,795,149,60,174,1,1,1.0
10,60,795,149,60,174,1,1,1.0
11,60,795,149,60,174,1,1,1.0
12,60,795,149,60,174,1,1,1.0
13,60,795,149,60,174,1,1,1.0
14,60,795,149,60,174,1,1,1.0
15,60,795,149,60,174,1,1,1.0
16,60,795,149,60,174,1,1,1.0
17,60,795,149,60,174,1,1,1.0
18,60,795,149,60,174,1,1,1.0
1,61,1789,206,65,184,1,1,1.0
2,61,1790,207,65,183,1,1,1.0
3,61,1791,208,65,183,1,1,1.0
4,61,1792,209,65,182,1,1,1.0
5,61,1794,210,64,182,1,1,1.0
6,61,1795,211,65,181,1,1,1.0
7,61,1796,212,65,181,1,1,1.0
8,61,1798,213,64,180,1,1,1.0
9,61,1799,214,64,180,1,1,1.0
10,61,1800,215,64,179,1,1,1.0
11,61,1802,217,64,178,1,1,1.0
12,61,1803,218,64,178,1,1,1.0
13,61,1804,219,64,179,1,1,1.0
14,61,1806,220,63,180,1,1,1.0
15,61,1807,221,64,181,1,1,1.0
16,61,1809,222,63,182,1,1,1.0
17,61,1810,223,63,182,1,1,1.0
18,61,1811,224,64,183,1,1,1.0
1,62,1487,71,53,145,1,1,0.76535
2,62,1487,71,53,145,1,1,0.76535
3,62,1487,70,53,146,1,1,0.76694
4,62,1487,70,53,146,1,1,0.76694
5,62,1487,70,53,146,1,1,0.76694
6,62,1487,70,53,146,1,1,0.76694
7,62,1487,70,53,146,1,1,0.76694
8,62,1487,70,53,146,1,1,0.76694
9,62,1487,70,53,146,1,1,0.76694
10,62,1487,70,53,146,1,1,0.76694
11,62,1487,70,53,146,1,1,0.76694
12,62,1487,70,53,146,1,1,0.76694
13,62,1487,70,53,146,1,1,0.76694
14,62,1487,70,53,146,1,1,0.76694
15,62,1487,70,53,146,1,1,0.76694
16,62,1487,70,53,146,1,1,0.76694
17,62,1487,70,53,146,1,1,0.76694
18,62,1487,70,53,146,1,1,0.76694
1,63,1636,265,66,181,1,1,1.0
2,63,1634,264,66,181,1,1,1.0
3,63,1633,263,65,182,1,1,1.0
4,63,1632,263,64,182,1,1,1.0
5,63,1631,262,63,182,1,1,1.0
6,63,1630,262,63,182,1,1,0.99454
7,63,1629,261,62,183,1,1,0.98896
8,63,1628,260,61,183,1,1,0.98343
9,63,1627,260,60,183,1,1,0.97755
10,63,1626,259,59,184,1,1,0.97162
11,63,1625,259,59,184,1,1,0.96649
12,63,1623,257,59,184,1,1,0.95676
13,63,1622,256,59,184,1,1,0.95216
14,63,1620,254,59,184,1,1,0.94351
15,63,1619,253,59,184,1,1,0.93946
16,63,1617,252,59,184,1,1,0.93045
17,63,1616,250,59,184,1,1,0.92802
18,63,1614,249,59,184,1,1,0.91964
1,64,1358,612,42,89,0,10,0.11628
2,64,1358,612,42,89,0,10,0.093023
3,64,1358,612,42,89,0,10,0.093023
4,64,1358,612,42,89,0,10,0.093023
5,64,1358,612,42,89,0,10,0.093023
6,64,1358,612,42,89,0,10,0.093023
7,64,1358,612,42,89,0,10,0.093023
8,64,1358,612,42,89,0,10,0.093023
9,64,1358,612,42,89,0,10,0.093023
10,64,1358,612,42,89,0,10,0.093023
11,64,1358,612,42,89,0,10,0.093023
12,64,1358,612,42,89,0,10,0.093023
13,64,1358,612,42,89,0,10,0.093023
14,64,1358,612,42,89,0,10,0.093023
15,64,1358,612,42,89,0,10,0.093023
16,64,1358,612,42,89,0,10,0.093023
17,64,1358,612,42,89,0,10,0.093023
18,64,1358,612,42,89,0,10,0.093023
1,65,1557,254,60,192,1,1,0.26705
2,65,1555,253,60,192,1,1,0.25287
3,65,1554,252,60,192,1,1,0.24836
4,65,1553,251,60,192,1,1,0.24386
5,65,1551,251,60,192,1,1,0.2245
6,65,1550,250,60,192,1,1,0.21999
7,65,1549,249,60,192,1,1,0.21549
8,65,1547,249,60,192,1,1,0.20301
9,65,1546,248,60,192,1,1,0.20539
10,65,1545,247,60,192,1,1,0.20776
11,65,1544,247,60,192,1,1,0.20496
12,65,1542,246,60,192,1,1,0.20454
13,65,1541,246,60,192,1,1,0.20173
14,65,1539,245,60,192,1,1,0.20131
15,65,1538,245,60,192,1,1,0.19851
16,65,1537,245,60,192,1,1,0.1957
17,65,1535,244,60,192,1,1,0.21057
18,65,1534,244,60,192,1,1,0.21541
1,66,1104,212,56,181,1,1,1.0
2,66,1097,211,61,181,1,1,1.0
3,66,1091,211,66,180,1,1,1.0
4,66,1085,210,70,180,1,1,1.0
5,66,1079,210,75,180,1,1,1.0
6,66,1073,209,79,180,1,1,1.0
7,66,1067,209,84,179,1,1,1.0
8,66,1061,208,88,180,1,1,1.0
9,66,1055,208,93,179,1,1,1.0
10,66,1049,207,97,179,1,1,1.0
11,66,1043,207,102,179,1,1,1.0
12,66,1039,206,99,179,1,1,1.0
13,66,1036,205,96,179,1,1,1.0
14,66,1033,204,92,179,1,1,1.0
15,66,1029,204,90,178,1,1,1.0
16,66,1026,203,86,179,1,1,1.0
17,66,1023,202,83,179,1,1,1.0
18,66,1019,202,80,178,1,1,1.0
1,67,1031,133,80,183,1,1,0.94364
2,67,1031,133,79,183,1,1,0.89918
3,67,1031,134,78,182,1,1,0.86069
4,67,1031,135,77,181,1,1,0.8191
5,67,1031,135,76,181,1,1,0.77858
6,67,1031,136,75,180,1,1,0.73306
7,67,1031,137,74,179,1,1,0.688
8,67,1031,137,73,179,1,1,0.63994
9,67,1031,138,72,178,1,1,0.59126
10,67,1031,139,71,177,1,1,0.53652
11,67,1031,140,71,177,1,1,0.48034
12,67,1031,140,69,176,1,1,0.44455
13,67,1031,141,68,175,1,1,0.40975
14,67,1031,141,67,174,1,1,0.37882
15,67,1031,142,65,173,1,1,0.35632
16,67,1031,143,64,172,1,1,0.34682
17,67,1031,143,63,171,1,1,0.34302
18,67,1031,144,61,170,1,1,0.33918
1,68,228,401,63,203,1,1,1.0
2,68,226,399,63,202,1,1,1.0
3,68,224,398,64,201,1,1,1.0
4,68,223,397,63,200,1,1,1.0
5,68,221,395,64,200,1,1,1.0
6,68,220,394,64,199,1,1,1.0
7,68,218,393,64,197,1,1,1.0
8,68,216,391,65,197,1,1,1.0
9,68,215,390,64,196,1,1,1.0
10,68,213,389,65,195,1,1,1.0
11,68,212,388,65,194,1,1,1.0
12,68,211,387,64,194,1,1,1.0
13,68,210,387,64,194,1,1,1.0
14,68,209,386,64,195,1,1,1.0
15,68,208,386,64,195,1,1,1.0
16,68,207,385,64,196,1,1,1.0
17,68,206,385,63,196,1,1,1.0
18,68,205,384,63,197,1,1,1.0
1,69,264,365,60,221,1,1,0.61542
2,69,262,363,60,221,1,1,0.61542
3,69,260,362,60,220,1,1,0.60203
4,69,259,361,59,219,1,1,0.6097
5,69,257,360,59,218,1,1,0.59391
6,69,256,359,58,217,1,1,0.58739
7,69,254,357,58,217,1,1,0.58964
8,69,252,356,58,216,1,1,0.57354
9,69,251,355,57,215,1,1,0.58102
10,69,249,354,57,214,1,1,0.56696
11,69,248,353,57,213,1,1,0.56735
12,69,245,352,58,213,1,1,0.56051
13,69,243,351,59,214,1,1,0.55597
14,69,241,351,59,213,1,1,0.53995
15,69,239,350,60,214,1,1,0.53595
16,69,237,350,60,214,1,1,0.51963
17,69,235,349,61,214,1,1,0.53001
18,69,233,348,61,215,1,1,0.51613
1,70,872,122,58,180,1,1,1.0
2,70,872,122,59,180,1,1,1.0
3,70,873,123,59,180,1,1,1.0
4,70,874,124,59,179,1,1,1.0
5,70,874,124,60,180,1,1,1.0
6,70,875,125,60,179,1,1,1.0
7,70,876,126,60,179,1,1,1.0
8,70,876,126,61,179,1,1,1.0
9,70,877,127,61,179,1,1,1.0
10,70,878,128,61,178,1,1,1.0
11,70,879,129,61,178,1,1,1.0
12,70,879,129,60,178,1,1,1.0
13,70,879,130,59,178,1,1,1.0
14,70,879,131,59,178,1,1,1.0
15,70,879,132,58,178,1,1,1.0
16,70,879,133,58,178,1,1,1.0
17,70,879,133,57,178,1,1,1.0
18,70,879,134,56,178,1,1,1.0
1,71,912,129,48,161,1,1,0.61224
2,71,912,130,48,161,1,1,0.59184
3,71,912,131,49,161,1,1,0.58
4,71,912,132,49,161,1,1,0.56
5,71,913,134,49,160,1,1,0.56
6,71,913,135,50,160,1,1,0.54902
7,71,913,136,50,160,1,1,0.52941
8,71,914,138,50,159,1,1,0.52941
9,71,914,139,50,159,1,1,0.5098
10,71,914,140,51,159,1,1,0.5
11,71,915,142,51,159,1,1,0.5
12,71,914,142,51,159,1,1,0.5
13,71,914,142,51,159,1,1,0.51923
14,71,914,143,51,159,1,1,0.51923
15,71,914,143,51,159,1,1,0.53846
16,71,914,144,51,159,1,1,0.53846
17,71,914,144,51,159,1,1,0.55769
18,71,914,144,51,159,1,1,0.57692
1,72,1040,-39,46,123,1,1,0.67742
2,72,1039,-40,46,123,1,1,0.66935
3,72,1039,-40,46,122,1,1,0.66667
4,72,1039,-41,46,123,1,1,0.66129
5,72,1039,-41,46,122,1,1,0.65854
6,72,1039,-42,46,123,1,1,0.65323
7,72,1039,-42,46,122,1,1,0.65041
8,72,1039,-43,46,122,1,1,0.64228
9,72,1039,-43,46,122,1,1,0.64228
10,72,1039,-44,46,122,1,1,0.63415
11,72,1039,-44,46,122,1,1,0.63415
12,72,1038,-46,46,122,1,1,0.61789
13,72,1038,-47,46,122,1,1,0.60976
14,72,1038,-49,46,122,1,1,0.5935
15,72,1038,-50,46,122,1,1,0.58537
16,72,1038,-51,46,122,1,1,0.57724
17,72,1038,-53,46,122,1,1,0.56098
18,72,1038,-54,46,122,1,1,0.55285
1,73,996,-41,47,121,1,1,0.60109
2,73,996,-41,47,121,1,1,0.58743
3,73,996,-42,47,121,1,1,0.58009
4,73,997,-43,47,121,1,1,0.55943
5,73,997,-43,47,120,1,1,0.55682
6,73,998,-44,47,121,1,1,0.53911
7,73,998,-44,47,120,1,1,0.5365
8,73,999,-45,47,120,1,1,0.51653
9,73,999,-46,47,121,1,1,0.5123
10,73,1000,-46,47,120,1,1,0.4969
11,73,1000,-47,47,120,1,1,0.49019
12,73,1001,-47,47,120,1,1,0.46505
13,73,1001,-48,46,119,1,1,0.46578
14,73,1001,-49,46,119,1,1,0.45922
15,73,1001,-50,46,119,1,1,0.45266
16,73,1002,-51,45,119,1,1,0.44348
17,73,1002,-52,45,119,1,1,0.43696
18,73,1002,-53,45,119,1,1,0.43043
1,74,1449,251,55,171,1,1,0.8396
2,74,1448,250,54,170,1,1,0.82818
3,74,1447,249,53,170,1,1,0.8159
4,74,1446,248,53,170,1,1,0.80702
5,74,1445,247,52,170,1,1,0.79455
6,74,1444,246,52,170,1,1,0.78594
7,74,1443,245,51,169,1,1,0.77432
8,74,1442,244,50,169,1,1,0.76148
9,74,1441,243,50,169,1,1,0.75329
10,74,1440,242,49,169,1,1,0.74024
11,74,1439,241,49,169,1,1,0.73235
12,74,1437,240,49,169,1,1,0.71412
13,74,1435,240,50,169,1,1,0.69896
14,74,1434,240,49,169,1,1,0.68235
15,74,1432,239,50,169,1,1,0.67151
16,74,1431,239,49,169,1,1,0.65447
17,74,1429,239,50,169,1,1,0.64072
18,74,1427,238,50,169,1,1,0.62445
1,75,1420,198,46,171,1,1,0.55567
2,75,1418,197,46,171,1,1,0.56791
3,75,1417,196,46,171,1,1,0.57162
4,75,1415,196,46,171,1,1,0.57843
5,75,1414,195,46,171,1,1,0.58226
6,75,1413,195,46,171,1,1,0.58028
7,75,1411,194,46,171,1,1,0.59339
8,75,1410,193,46,171,1,1,0.59735
9,75,1408,193,46,171,1,1,0.60502
10,75,1407,192,46,171,1,1,0.6091
11,75,1406,192,46,171,1,1,0.60737
12,75,1403,191,47,171,1,1,0.61434
13,75,1401,191,47,171,1,1,0.61434
14,75,1399,191,47,171,1,1,0.62403
15,75,1397,191,48,170,1,1,0.61905
16,75,1395,191,48,170,1,1,0.62871
17,75,1392,190,49,171,1,1,0.63337
18,75,1390,190,50,170,1,1,0.6286
1,76,704,-5,53,163,1,1,0.80251
2,76,704,-5,53,163,1,1,0.80251
3,76,704,-5,53,163,1,1,0.80251
4,76,704,-5,53,163,1,1,0.80251
5,76,704,-5,53,163,1,1,0.80251
6,76,704,-5,53,163,1,1,0.80251
7,76,704,-5,53,163,1,1,0.80251
8,76,704,-5,53,163,1,1,0.80251
9,76,704,-5,53,163,1,1,0.80251
10,76,704,-5,53,163,1,1,0.80251
11,76,704,-5,53,163,1,1,0.80251
12,76,704,-5,53,163,1,1,0.80251
13,76,704,-5,53,163,1,1,0.80251
14,76,704,-5,53,163,1,1,0.80251
15,76,704,-5,53,163,1,1,0.80251
16,76,704,-5,53,163,1,1,0.80251
17,76,704,-5,53,163,1,1,0.80251
18,76,704,-5,53,163,1,1,0.80251
1,77,759,-59,40,110,1,1,0.45946
2,77,758,-60,40,110,1,1,0.45045
3,77,758,-61,40,110,1,1,0.44144
4,77,757,-62,40,110,1,1,0.42189
5,77,757,-62,40,109,1,1,0.41685
6,77,756,-63,40,110,1,1,0.40277
7,77,756,-64,40,110,1,1,0.3942
8,77,755,-64,40,109,1,1,0.37916
9,77,755,-65,40,109,1,1,0.37073
10,77,754,-66,40,109,1,1,0.35277
11,77,754,-66,40,109,1,1,0.35277
12,77,753,-68,40,109,1,1,0.32727
13,77,752,-69,40,109,1,1,0.31042
14,77,751,-71,40,109,1,1,0.28647
15,77,751,-72,40,109,1,1,0.27894
16,77,750,-73,40,109,1,1,0.26341
17,77,749,-75,40,109,1,1,0.24124
18,77,749,-76,40,109,1,1,0.23415
1,78,551,-43,37,132,1,1,0.2873
2,78,551,-43,37,131,1,1,0.28947
3,78,551,-43,37,131,1,1,0.28947
4,78,551,-43,37,131,1,1,0.28947
5,78,551,-43,37,131,1,1,0.28947
6,78,551,-43,38,131,1,1,0.28477
7,78,551,-43,38,131,1,1,0.28477
8,78,551,-43,38,131,1,1,0.28477
9,78,551,-43,38,131,1,1,0.28477
10,78,551,-43,39,131,1,1,0.2803
11,78,551,-43,39,131,1,1,0.2803
12,78,551,-43,39,131,1,1,0.2803
13,78,551,-43,39,131,1,1,0.2803
14,78,551,-43,40,131,1,1,0.27605
15,78,551,-43,40,131,1,1,0.27605
16,78,551,-43,40,131,1,1,0.27605
17,78,551,-43,40,131,1,1,0.27605
18,78,551,-43,40,131,1,1,0.27605
1,79,598,-7,61,77,0,7,0.052109
2,79,598,-7,61,77,0,7,0.052109
3,79,598,-7,61,77,0,7,0.052109
4,79,598,-7,61,77,0,7,0.052109
5,79,598,-7,61,77,0,7,0.052109
6,79,598,-7,61,77,0,7,0.052109
7,79,598,-7,61,77,0,7,0.052109
8,79,598,-7,61,77,0,7,0.052109
9,79,598,-7,61,77,0,7,0.052109
10,79,598,-7,61,77,0,7,0.052109
11,79,598,-7,61,77,0,7,0.052109
12,79,598,-7,61,77,0,7,0.052109
13,79,598,-7,61,77,0,7,0.052109
14,79,598,-7,61,77,0,7,0.052109
15,79,598,-7,61,77,0,7,0.052109
16,79,598,-7,61,77,0,7,0.052109
17,79,598,-7,61,77,0,7,0.052109
18,79,598,-7,61,77,0,7,0.052109
1,80,-30,877,72,241,1,1,0.485
2,80,-30,875,72,243,1,1,0.48574
3,80,-30,874,72,244,1,1,0.48611
4,80,-30,872,72,246,1,1,0.48683
5,80,-30,871,72,247,1,1,0.48719
6,80,-29,869,72,249,1,1,0.49951
7,80,-29,868,72,250,1,1,0.49986
8,80,-29,866,72,252,1,1,0.50057
9,80,-29,865,72,253,1,1,0.50092
10,80,-29,863,72,255,1,1,0.50161
11,80,-28,862,72,256,1,1,0.51362
12,80,-28,859,72,255,1,1,0.52269
13,80,-28,857,72,254,1,1,0.52947
14,80,-27,855,72,252,1,1,0.55065
15,80,-27,853,72,251,1,1,0.55773
16,80,-26,851,72,249,1,1,0.57973
17,80,-26,849,72,248,1,1,0.58712
18,80,-26,847,72,246,1,1,0.59697
1,81,1195,40,76,112,0,7,0.99207
2,81,1195,39,76,112,0,7,0.99471
3,81,1195,39,76,112,0,7,0.99471
4,81,1196,39,75,112,0,7,0.99464
5,81,1196,38,75,113,0,7,0.99469
6,81,1197,38,75,113,0,7,0.99446
7,81,1197,38,75,112,0,7,0.99721
8,81,1197,37,75,113,0,7,0.99723
9,81,1198,37,74,113,0,7,0.99719
10,81,1198,37,74,113,0,7,0.99719
11,81,1199,37,74,113,0,7,0.99708
12,81,1199,36,74,113,0,7,1.0
13,81,1200,36,73,113,0,7,1.0
14,81,1200,36,73,113,0,7,1.0
15,81,1201,36,72,113,0,7,1.0
16,81,1202,36,72,113,0,7,1.0
17,81,1202,35,72,114,0,7,1.0
18,81,1203,35,71,114,0,7,1.0
1,82,506,133,55,174,1,1,0.21633
2,82,505,134,55,173,1,1,0.21182
3,82,505,135,55,173,1,1,0.19037
4,82,505,136,55,173,1,1,0.16872
5,82,504,137,55,173,1,1,0.16359
6,82,504,138,55,173,1,1,0.14163
7,82,504,139,55,173,1,1,0.11946
8,82,503,140,55,173,1,1,0.11412
9,82,503,141,55,173,1,1,0.091646
10,82,503,142,55,173,1,1,0.068966
11,82,503,143,55,173,1,1,0.04608
12,82,502,143,55,173,1,1,0.051724
13,82,501,143,55,174,1,1,0.057143
14,82,500,144,55,174,1,1,0.051531
15,82,500,144,54,175,1,1,0.039773
16,82,499,145,54,175,1,1,0.039773
17,82,498,145,54,175,1,1,0.045455
18,82,498,145,53,176,1,1,0.050847
1,83,514,148,88,180,1,1,1.0
2,83,513,148,89,181,1,1,1.0
3,83,512,148,91,182,1,1,1.0
4,83,511,148,93,183,1,1,1.0
5,83,510,148,94,184,1,1,1.0
6,83,509,148,96,186,1,1,1.0
7,83,508,148,98,187,1,1,1.0
8,83,507,148,99,188,1,1,1.0
9,83,506,148,101,189,1,1,1.0
10,83,505,148,103,191,1,1,1.0
11,83,504,148,103,191,1,1,1.0
12,83,503,149,103,191,1,1,1.0
13,83,502,150,104,190,1,1,1.0
14,83,501,150,104,191,1,1,1.0
15,83,500,151,104,190,1,1,1.0
16,83,499,152,105,190,1,1,1.0
17,83,497,153,103,189,1,1,1.0
18,83,496,154,101,188,1,1,1.0
1,84,463,85,52,173,1,1,0.68337
2,84,463,83,51,173,1,1,0.69993
3,84,463,82,51,173,1,1,0.70214
4,84,463,81,51,173,1,1,0.70535
5,84,463,80,51,172,1,1,0.69509
6,84,463,79,51,172,1,1,0.69853
7,84,463,77,50,173,1,1,0.72774
8,84,463,76,50,172,1,1,0.71812
9,84,463,75,50,172,1,1,0.72152
10,84,463,74,50,172,1,1,0.72402
11,84,463,73,50,172,1,1,0.72742
12,84,462,72,50,171,1,1,0.71021
13,84,462,71,50,171,1,1,0.70007
14,84,462,70,49,171,1,1,0.69686
15,84,462,69,49,171,1,1,0.69826
16,84,462,68,48,171,1,1,0.67608
17,84,461,67,49,170,1,1,0.64409
18,84,461,66,48,170,1,1,0.63969
1,85,417,93,55,167,1,1,1.0
2,85,417,92,54,167,1,1,1.0
3,85,417,91,54,168,1,1,1.0
4,85,417,91,54,168,1,1,1.0
5,85,417,90,54,169,1,1,1.0
6,85,417,90,54,169,1,1,1.0
7,85,417,89,53,169,1,1,1.0
8,85,417,88,53,170,1,1,1.0
9,85,417,88,53,170,1,1,1.0
10,85,417,87,53,171,1,1,1.0
11,85,417,87,53,171,1,1,1.0
12,85,417,85,53,171,1,1,1.0
13,85,417,84,53,170,1,1,1.0
14,85,417,83,53,169,1,1,1.0
15,85,417,82,53,169,1,1,1.0
16,85,417,81,54,168,1,1,1.0
17,85,417,79,54,168,1,1,1.0
18,85,417,78,54,168,1,1,1.0
1,86,541,64,41,167,1,1,0.45536
2,86,540,64,42,167,1,1,0.4593
3,86,540,64,42,167,1,1,0.46221
4,86,540,64,42,167,1,1,0.46512
5,86,540,64,42,167,1,1,0.46955
6,86,540,64,42,167,1,1,0.47231
7,86,540,64,42,167,1,1,0.47508
8,86,540,64,42,167,1,1,0.47896
9,86,540,64,42,167,1,1,0.48159
10,86,540,64,42,167,1,1,0.48422
11,86,540,64,42,167,1,1,0.48685
12,86,540,64,42,167,1,1,0.491
13,86,540,64,42,167,1,1,0.49543
14,86,540,64,42,167,1,1,0.49862
15,86,540,64,42,167,1,1,0.50332
16,86,540,64,42,167,1,1,0.51024
17,86,540,64,42,167,1,1,0.51537
18,86,540,64,42,167,1,1,0.52076
1,87,491,42,49,161,1,1,0.41358
2,87,490,42,50,160,1,1,0.40762
3,87,490,42,50,160,1,1,0.40762
4,87,490,42,50,160,1,1,0.40762
5,87,490,42,50,160,1,1,0.40762
6,87,490,42,50,160,1,1,0.40762
7,87,490,42,50,160,1,1,0.41213
8,87,490,42,50,160,1,1,0.41237
9,87,490,42,50,160,1,1,0.41262
10,87,490,42,50,160,1,1,0.41286
11,87,490,42,50,160,1,1,0.4131
12,87,490,42,50,160,1,1,0.41883
13,87,490,42,50,160,1,1,0.41603
14,87,490,42,50,160,1,1,0.42553
15,87,490,42,50,160,1,1,0.42285
16,87,490,42,50,160,1,1,0.43296
17,87,489,42,51,160,1,1,0.42511
18,87,489,42,51,160,1,1,0.43192
1,88,356,105,52,179,1,1,1.0
2,88,356,105,52,178,1,1,1.0
3,88,356,105,52,178,1,1,1.0
4,88,356,105,52,178,1,1,1.0
5,88,356,105,52,178,1,1,1.0
6,88,356,105,52,178,1,1,1.0
7,88,356,105,52,178,1,1,1.0
8,88,356,105,52,178,1,1,1.0
9,88,356,105,52,178,1,1,1.0
10,88,356,105,52,178,1,1,1.0
11,88,356,105,52,178,1,1,1.0
12,88,356,105,52,178,1,1,1.0
13,88,356,105,52,178,1,1,1.0
14,88,356,105,52,178,1,1,1.0
15,88,356,105,52,178,1,1,1.0
16,88,356,105,52,178,1,1,1.0
17,88,356,105,52,178,1,1,1.0
18,88,356,105,52,178,1,1,1.0
1,89,373,77,47,155,1,1,0.27431
2,89,372,77,47,154,1,1,0.27621
3,89,372,77,47,154,1,1,0.27581
4,89,371,77,47,154,1,1,0.27513
5,89,371,77,47,154,1,1,0.27487
6,89,371,77,47,154,1,1,0.27487
7,89,370,77,47,154,1,1,0.27419
8,89,370,77,47,154,1,1,0.27406
9,89,369,77,47,154,1,1,0.27379
10,89,369,77,47,154,1,1,0.27379
11,89,369,77,47,154,1,1,0.27379
12,89,368,77,47,154,1,1,0.25672
13,89,368,77,47,154,1,1,0.25672
14,89,368,78,46,154,1,1,0.23528
15,89,367,78,47,154,1,1,0.23145
16,89,367,79,47,154,1,1,0.22581
17,89,367,79,46,154,1,1,0.20933
18,89,366,79,47,154,1,1,0.20591
1,90,287,124,53,170,1,1,1.0
2,90,286,123,53,170,1,1,1.0
3,90,286,123,53,170,1,1,1.0
4,90,286,123,53,170,1,1,1.0
5,90,286,123,53,170,1,1,1.0
6,90,286,123,53,170,1,1,1.0
7,90,286,123,53,170,1,1,1.0
8,90,286,123,53,170,1,1,1.0
9,90,286,123,53,170,1,1,1.0
10,90,286,123,53,170,1,1,1.0
11,90,286,123,53,170,1,1,1.0
12,90,286,123,52,170,1,1,1.0
13,90,286,123,52,170,1,1,1.0
14,90,285,123,53,170,1,1,1.0
15,90,285,123,53,170,1,1,1.0
16,90,285,123,53,170,1,1,1.0
17,90,285,123,53,170,1,1,1.0
18,90,285,123,53,170,1,1,1.0
1,91,337,86,49,175,1,1,0.3842
2,91,336,86,49,174,1,1,0.40206
3,91,336,86,49,174,1,1,0.40206
4,91,336,86,49,174,1,1,0.40206
5,91,336,86,49,174,1,1,0.40206
6,91,336,86,49,174,1,1,0.40206
7,91,336,86,49,174,1,1,0.40206
8,91,336,86,49,174,1,1,0.40206
9,91,336,86,49,174,1,1,0.40206
10,91,336,86,49,174,1,1,0.40206
11,91,336,86,49,174,1,1,0.40206
12,91,335,86,49,174,1,1,0.41989
13,91,335,86,49,174,1,1,0.41989
14,91,335,86,49,174,1,1,0.41989
15,91,335,86,49,174,1,1,0.41989
16,91,335,86,49,174,1,1,0.41989
17,91,335,86,49,174,1,1,0.41989
18,91,335,86,49,174,1,1,0.41989
1,92,223,129,46,164,1,1,0.96699
2,92,222,128,46,165,1,1,0.96193
3,92,222,128,45,165,1,1,0.96111
4,92,221,128,46,165,1,1,0.9577
5,92,221,128,45,165,1,1,0.95678
6,92,220,128,46,165,1,1,0.95347
7,92,220,128,45,165,1,1,0.95246
8,92,219,128,45,165,1,1,0.94814
9,92,219,128,45,165,1,1,0.94814
10,92,218,128,45,165,1,1,0.94382
11,92,218,128,45,165,1,1,0.94382
12,92,217,128,45,164,1,1,0.93913
13,92,217,128,45,164,1,1,0.93913
14,92,217,128,45,164,1,1,0.93913
15,92,217,128,45,164,1,1,0.93913
16,92,217,128,45,164,1,1,0.93913
17,92,217,128,45,164,1,1,0.93913
18,92,217,128,45,164,1,1,0.93913
1,93,266,92,56,180,1,1,0.42425
2,93,265,92,56,180,1,1,0.42037
3,93,264,92,56,180,1,1,0.43491
4,93,263,92,57,180,1,1,0.43084
5,93,262,93,57,180,1,1,0.44142
6,93,261,93,58,180,1,1,0.43721
7,93,260,93,58,180,1,1,0.45135
8,93,259,94,58,180,1,1,0.46193
9,93,258,94,59,180,1,1,0.45737
10,93,257,94,59,180,1,1,0.47136
11,93,257,95,59,180,1,1,0.46786
12,93,256,95,59,180,1,1,0.48195
13,93,256,95,59,180,1,1,0.48195
14,93,255,95,59,180,1,1,0.46832
15,93,255,95,59,180,1,1,0.46832
16,93,255,95,59,180,1,1,0.46832
17,93,254,95,59,180,1,1,0.46878
18,93,254,95,59,180,1,1,0.46878
1,94,242,85,58,170,1,1,0.089305
2,94,242,85,58,169,1,1,0.088136
3,94,242,85,58,169,1,1,0.084546
4,94,242,85,58,169,1,1,0.081256
5,94,242,85,58,169,1,1,0.081555
6,94,242,85,58,169,1,1,0.078066
7,94,242,85,58,169,1,1,0.074875
8,94,242,85,58,169,1,1,0.075573
9,94,242,85,58,169,1,1,0.072183
10,94,242,85,58,169,1,1,0.069093
11,94,242,85,58,169,1,1,0.07348
12,94,242,85,58,169,1,1,0.07318
13,94,242,85,58,169,1,1,0.07338
14,94,242,85,58,169,1,1,0.07009
15,94,242,85,58,169,1,1,0.07009
16,94,243,85,58,169,1,1,0.071286
17,94,243,85,58,169,1,1,0.067996
18,94,243,85,58,169,1,1,0.067996
1,95,264,71,54,167,1,1,0.09697
2,95,264,71,54,166,1,1,0.09755
3,95,264,71,54,166,1,1,0.09755
4,95,264,71,54,166,1,1,0.09755
5,95,264,71,54,166,1,1,0.09951
6,95,264,71,54,166,1,1,0.09951
7,95,264,71,54,166,1,1,0.09951
8,95,264,71,54,166,1,1,0.10463
9,95,264,71,54,166,1,1,0.10463
10,95,264,71,54,166,1,1,0.10778
11,95,264,71,54,166,1,1,0.10953
12,95,264,71,54,166,1,1,0.11257
13,95,264,71,54,166,1,1,0.11257
14,95,264,71,54,166,1,1,0.11562
15,95,264,71,54,166,1,1,0.11562
16,95,264,71,54,166,1,1,0.11453
17,95,264,71,54,166,1,1,0.11758
18,95,264,71,54,166,1,1,0.11758
1,96,209,95,42,180,1,1,0.2702
2,96,209,95,41,179,1,1,0.2541
3,96,209,95,41,179,1,1,0.2541
4,96,209,96,41,178,1,1,0.23996
5,96,209,96,41,178,1,1,0.23996
6,96,209,96,41,178,1,1,0.22479
7,96,209,97,41,177,1,1,0.22566
8,96,209,97,41,177,1,1,0.21041
9,96,209,97,41,177,1,1,0.21041
10,96,209,98,41,176,1,1,0.19586
11,96,209,98,41,176,1,1,0.19586
12,96,209,98,40,176,1,1,0.18079
13,96,209,99,40,175,1,1,0.18154
14,96,209,99,40,175,1,1,0.18154
15,96,209,99,40,175,1,1,0.18154
16,96,209,100,40,174,1,1,0.1823
17,96,209,100,40,174,1,1,0.1823
18,96,209,100,40,174,1,1,0.1823
1,97,914,-107,38,115,1,1,0.068966
2,97,914,-107,38,115,1,1,0.068966
3,97,914,-107,38,115,1,1,0.068966
4,97,914,-107,38,115,1,1,0.068966
5,97,914,-107,38,115,1,1,0.068966
6,97,914,-107,38,115,1,1,0.068966
7,97,914,-107,38,115,1,1,0.068966
8,97,914,-107,38,115,1,1,0.068966
9,97,914,-107,38,115,1,1,0.068966
10,97,914,-107,38,115,1,1,0.068966
11,97,914,-107,38,115,1,1,0.068966
12,97,914,-107,38,115,1,1,0.068966
13,97,914,-107,38,115,1,1,0.068966
14,97,914,-107,38,115,1,1,0.068966
15,97,914,-107,38,115,1,1,0.068966
16,97,914,-107,38,115,1,1,0.068966
17,97,914,-107,38,115,1,1,0.068966
18,97,914,-107,39,115,1,1,0.068966
1,116,1220,-14,63,148,1,1,0.36871
2,116,1218,-14,64,147,1,1,0.35343
3,116,1217,-14,65,147,1,1,0.35197
4,116,1216,-14,66,147,1,1,0.35054
5,116,1214,-14,68,147,1,1,0.34215
6,116,1213,-14,69,147,1,1,0.33378
7,116,1212,-14,70,146,1,1,0.33429
8,116,1210,-14,72,146,1,1,0.32616
9,116,1209,-14,73,146,1,1,0.32506
10,116,1208,-14,74,146,1,1,0.32399
11,116,1207,-14,75,146,1,1,0.31633
12,116,1206,-14,76,145,1,1,0.31098
13,116,1206,-13,76,144,1,1,0.31312
14,116,1206,-12,76,143,1,1,0.3153
15,116,1206,-11,76,142,1,1,0.3175
16,116,1206,-10,77,141,1,1,0.32069
17,116,1205,-9,78,140,1,1,0.31574
18,116,1205,-8,78,139,1,1,0.31799
1,137,39,309,115,117,0,11,1.0
2,137,39,309,115,117,0,11,1.0
3,137,39,309,115,117,0,11,1.0
4,137,39,309,115,117,0,11,1.0
5,137,39,309,115,117,0,11,1.0
6,137,39,309,115,117,0,11,1.0
7,137,39,309,115,117,0,11,1.0
8,137,39,309,115,117,0,11,1.0
9,137,39,309,115,117,0,11,1.0
10,137,39,309,115,117,0,11,1.0
11,137,39,309,115,117,0,11,1.0
12,137,39,309,115,117,0,11,1.0
13,137,39,309,115,117,0,11,1.0
14,137,39,309,115,117,0,11,1.0
15,137,39,309,115,117,0,11,1.0
16,137,39,309,115,117,0,11,1.0
17,137,39,309,115,117,0,11,1.0
18,137,39,309,115,117,0,11,1.0
