1,0,1348.482659784535,432.0,121.5773926444449,296.32274724667684,-1,-1,-1,-1
1,1,1426.9134640006769,448.0,117.65368536224287,289.30305882237917,-1,-1,-1,-1
1,2,457.3542931351687,456.0,88.26891935784255,253.77163496663877,-1,-1,-1,-1
1,3,586.2864934103396,455.99999999999994,83.46602554455171,226.02353217597516,-1,-1,-1,-1
1,4,641.9222067707869,472.0,54.33405080966634,160.65570691430048,-1,-1,-1,-1
1,5,1012.9826491736578,439.99999999999994,44.31718794187509,113.63775427571471,-1,-1,-1,-1
1,6,694.3653428092998,479.99999999999994,18.78455730269991,112.23120225593351,-1,-1,-1,-1
1,7,935.6811929952597,440.0000000000001,32.815202732364924,94.27447863555017,-1,-1,-1,-1
1,8,741.1586460162688,472.00000000000006,4.4907746214344115,91.18256115170124,-1,-1,-1,-1
1,9,1103.9470108838439,448.0,28.12638374392509,91.48593384181606,-1,-1,-1,-1
1,10,1257.9092405128054,447.9999999999999,36.434657417659764,92.71366653189034,-1,-1,-1,-1
1,11,544.5706190719452,464.00000000000006,33.450332716625326,89.69988103900852,-1,-1,-1,-1
2,0,1369.0284225594587,440.0,107.07507310500614,301.7443625625349,-1,-1,-1,-1
2,1,1438.5669638142756,448.0,89.4330361857244,281.99721631661953,-1,-1,-1,-1
2,2,451.10909610844226,464.0,97.62775332000672,247.77018245913303,-1,-1,-1,-1
2,3,586.6535705253145,455.99999999999994,86.55437273532971,228.63772966285575,-1,-1,-1,-1
2,4,634.1284306810353,472.0,56.46881579725277,160.92047471951025,-1,-1,-1,-1
2,5,581.0784102626569,471.99999999999994,43.14764096009037,108.65430804491842,-1,-1,-1,-1
2,6,687.6020380029097,488.0,30.973725567712336,109.30974909023882,-1,-1,-1,-1
2,7,731.7254569709181,472.00000000000006,25.814623928863625,91.76371898035467,-1,-1,-1,-1
2,8,935.3293793180198,440.0,33.80585299965708,93.14045986700091,-1,-1,-1,-1
2,9,1098.141125945131,448.0,31.98401497738564,90.49304757937921,-1,-1,-1,-1
2,10,1257.0327209509376,448.00000000000006,30.78226362796113,92.11764504875083,-1,-1,-1,-1
2,11,549.9700178451255,472.0,13.241226625236322,82.5069578535713,-1,-1,-1,-1
2,12,696.0000000000001,464.0,12.50773332279607,71.09455221897213,-1,-1,-1,-1
2,13,687.0839948651521,464.0,23.13639810017628,72.4878158693291,-1,-1,-1,-1
2,14,724.8122549568045,472.0,25.69745883764506,66.3300613435855,-1,-1,-1,-1
3,0,1360.6547690960622,440.0,150.6802293582507,317.00280686599206,-1,-1,-1,-1
3,1,1448.9165848897658,448.0,105.58347558535456,295.4259322627295,-1,-1,-1,-1
3,2,467.8006319894763,456.00000000000006,154.965246634776,261.9141820341653,-1,-1,-1,-1
3,3,590.044863594507,455.99999999999994,82.8975682918308,227.7034882733305,-1,-1,-1,-1
3,4,651.3717337448961,472.0,44.92540604035298,159.19303559278296,-1,-1,-1,-1
3,5,677.675376104053,464.0,40.33950018605958,125.9419409671666,-1,-1,-1,-1
3,6,580.6260644652866,471.99999999999994,44.40118496526145,107.92069697468759,-1,-1,-1,-1
3,7,731.3340469712858,471.99999999999994,33.65529285630578,92.4657639188452,-1,-1,-1,-1
3,8,935.9985985496006,440.0,33.49977873524756,94.20941230782739,-1,-1,-1,-1
3,9,1100.1419993908505,448.0,32.677571762523485,91.32848940536235,-1,-1,-1,-1
3,10,1256.9744581710622,448.00000000000006,30.84219102565544,93.72937504774842,-1,-1,-1,-1
3,11,544.8124061721835,464.00000000000006,33.75061941923184,90.5176541901779,-1,-1,-1,-1
4,0,1365.5965451426032,432.0,148.01305444723312,322.9525354374715,-1,-1,-1,-1
4,1,477.67102531096737,456.00000000000006,136.47795710078015,204.64228727944231,-1,-1,-1,-1
4,2,588.508200056225,463.9999999999999,81.5302716486649,224.22103373890923,-1,-1,-1,-1
4,3,649.0730624339733,472.0,50.9182872458739,161.6064114091713,-1,-1,-1,-1
4,4,677.6591592197203,464.0,41.820812707431855,120.2868183706646,-1,-1,-1,-1
4,5,580.4873316659887,463.99999999999994,44.95494527227379,112.86663419000757,-1,-1,-1,-1
4,6,936.5397383357937,440.0,30.33601918437762,93.27876414875095,-1,-1,-1,-1
4,7,1100.6822781245842,448.0,33.680327009197526,95.19823186497206,-1,-1,-1,-1
4,8,1263.0834937196248,448.00000000000006,26.877639455660756,93.30477051777319,-1,-1,-1,-1
4,9,549.6148099771624,464.00000000000006,22.853759136079134,91.10049842538234,-1,-1,-1,-1
5,0,1384.618262748109,432.0,131.0962758137639,321.048989855435,-1,-1,-1,-1
5,1,449.9156980850203,464.0,111.44234259843125,243.3237519367167,-1,-1,-1,-1
5,2,587.3554004603412,463.9999999999999,83.41940186618342,225.03346008637902,-1,-1,-1,-1
5,3,657.1513216832932,471.99999999999994,42.63262996194567,156.9869710710645,-1,-1,-1,-1
5,4,682.4343769976919,464.0,28.25502405673899,131.68852993439407,-1,-1,-1,-1
5,5,576.970434701266,464.0,48.18652690564318,112.38891848164542,-1,-1,-1,-1
5,6,738.0110218659026,472.0,20.689927592526033,95.56802488599294,-1,-1,-1,-1
5,7,936.0859835491541,440.0,32.235145521972754,92.32001426953366,-1,-1,-1,-1
5,8,1099.7855345878952,448.0,34.89640311899848,90.45584098515985,-1,-1,-1,-1
5,9,561.3768882299717,463.99999999999994,9.716315312435427,91.21723422680071,-1,-1,-1,-1
5,10,556.7332662173441,463.99999999999994,15.100129673269407,89.05539305249994,-1,-1,-1,-1
5,11,1263.042980046053,448.00000000000006,27.066586461809038,93.5794390371372,-1,-1,-1,-1
5,12,688.0,472.0,10.300196918178585,71.91288752007915,-1,-1,-1,-1
6,0,1391.199724810045,432.0,129.32855140402444,324.75966688608025,-1,-1,-1,-1
6,1,461.13660628444495,456.0,88.81357994188738,253.7190200735181,-1,-1,-1,-1
6,2,550.2939760198085,463.9999999999999,112.16927228590998,232.5437392307441,-1,-1,-1,-1
6,3,647.6514757284388,472.0,53.863640577569754,160.53196034346672,-1,-1,-1,-1
6,4,678.4134257515334,464.00000000000006,34.92658828376898,134.1449777668144,-1,-1,-1,-1
6,5,576.0857826393899,464.0,50.5989423471666,114.21724260239444,-1,-1,-1,-1
6,6,1378.7701930489961,448.0,38.61012242827951,105.42185043155405,-1,-1,-1,-1
6,7,1015.786339154763,440.0,33.77268970035402,102.54289983042361,-1,-1,-1,-1
6,8,749.6142024369485,480.0,6.553414946969383,89.12347377867275,-1,-1,-1,-1
6,9,750.0586925184099,472.00000000000006,2.9774691729941196,92.28390221882313,-1,-1,-1,-1
6,10,1100.6736725609258,448.0,34.31634807488922,94.29231003710743,-1,-1,-1,-1
6,11,936.4486226777467,440.0,32.036957952688226,93.04644139312359,-1,-1,-1,-1
6,12,1263.3485388176186,456.0000000000001,26.464349940643842,87.63513530989951,-1,-1,-1,-1
6,13,553.0591038849736,464.00000000000006,16.726755944667048,94.98864068162874,-1,-1,-1,-1
7,0,1398.77238256364,432.0,129.31469941475052,329.99915680967933,-1,-1,-1,-1
7,1,449.8295893714137,456.0,106.12319045321442,249.36306904266792,-1,-1,-1,-1
7,2,587.1046439643535,464.0,80.79899884661222,220.47934444646978,-1,-1,-1,-1
7,3,648.1415202863517,464.0,56.46286337176787,166.2695804567394,-1,-1,-1,-1
7,4,684.8219784021078,464.0,25.325434037357695,128.4437298097307,-1,-1,-1,-1
7,5,1017.988122417181,439.99999999999994,40.092285068800834,109.6496813555629,-1,-1,-1,-1
7,6,574.6599878947973,464.0,44.12850655344846,114.79827379870653,-1,-1,-1,-1
7,7,1393.6824697700079,447.99999999999994,14.181486616214897,104.31039850622875,-1,-1,-1,-1
7,8,1100.2915979869508,448.0,31.99717402361216,89.77806090476236,-1,-1,-1,-1
7,9,936.7058625730003,440.0,31.480201629496037,88.08638984046013,-1,-1,-1,-1
7,10,736.3238473421992,480.0,20.35862398241852,84.8407163257391,-1,-1,-1,-1
7,11,1261.7913588264726,456.0,25.559920011126678,87.519516795615,-1,-1,-1,-1
7,12,552.6252540641356,472.0,14.712895152261694,75.30045309269246,-1,-1,-1,-1
8,0,1408.1684448414248,431.99999999999994,127.08362904937553,335.0867418394084,-1,-1,-1,-1
8,1,1513.1317284012084,440.0,68.26044822158633,297.90205206410633,-1,-1,-1,-1
8,2,452.1968362871673,456.00000000000006,105.49385097868372,245.40222877913817,-1,-1,-1,-1
8,3,588.4890406180403,455.99999999999994,79.6837636963287,230.00669093595837,-1,-1,-1,-1
8,4,647.8935281062959,471.99999999999994,54.52061845723085,163.1875089049202,-1,-1,-1,-1
8,5,1010.2202895678208,440.0,42.71263109471715,106.99000391680318,-1,-1,-1,-1
8,6,581.0602015554769,464.0,44.823742515368394,112.72709673315171,-1,-1,-1,-1
8,7,1381.7218525507406,448.00000000000006,35.90019389981899,106.04672849224534,-1,-1,-1,-1
8,8,736.1814915267819,472.0,26.90500515552469,91.12221250493565,-1,-1,-1,-1
8,9,1100.848822864902,448.0,33.463390157322465,90.38980169312902,-1,-1,-1,-1
8,10,936.1579931489333,440.0,32.146781639331266,92.87456889883958,-1,-1,-1,-1
8,11,1261.765809933155,456.00000000000006,25.709855376444466,88.1829725175981,-1,-1,-1,-1
8,12,560.0,464.00000000000006,7.858508581404067,90.88021179636536,-1,-1,-1,-1
8,13,549.7507347845374,464.0,17.1716924009213,83.34979668913229,-1,-1,-1,-1
8,14,696.0,464.0,25.5055118534209,75.98047848791566,-1,-1,-1,-1
8,15,694.1142923021357,464.0,13.307037859268917,78.32616791158046,-1,-1,-1,-1
8,16,1005.1381737166046,464.00000000000006,6.737868517218885,71.63581433067355,-1,-1,-1,-1
8,17,686.5654079456516,464.0,6.892923504237956,73.4332544706449,-1,-1,-1,-1
9,0,1416.7920875237883,424.0,111.22861203116395,334.74759935688064,-1,-1,-1,-1
9,1,1456.9528061017331,424.0,46.481824095040565,324.42752787959944,-1,-1,-1,-1
9,2,1525.2843184201784,440.0,55.52054587547764,293.18261724208025,-1,-1,-1,-1
9,3,448.76645349914713,456.00000000000006,110.62473672576164,249.34887642932318,-1,-1,-1,-1
9,4,588.3358071951643,455.99999999999994,79.49939336750333,225.64996834781965,-1,-1,-1,-1
9,5,580.1666289546386,463.9999999999999,42.70380127717999,110.4264548448441,-1,-1,-1,-1
9,6,571.7965169539505,463.99999999999994,52.0975270992401,113.59399787635965,-1,-1,-1,-1
9,7,1382.9339947112182,448.0,33.15816368719857,103.43201623919504,-1,-1,-1,-1
9,8,743.0664940664061,471.99999999999994,19.021870382287375,91.63133016297735,-1,-1,-1,-1
9,9,1016.680497528835,440.0,32.72612185575906,94.13464290688478,-1,-1,-1,-1
9,10,1103.7280263997454,448.0,29.121287296748733,92.01391205455343,-1,-1,-1,-1
9,11,936.4910665005253,440.0,28.74970107501656,92.20976284502012,-1,-1,-1,-1
9,12,1261.7899002231443,456.0,25.99459021321536,85.81203179714032,-1,-1,-1,-1
9,13,553.9247498424157,464.0,21.310579658826214,84.0951785900071,-1,-1,-1,-1
10,0,1434.798765504114,424.0,98.43500417628206,325.3944953533934,-1,-1,-1,-1
10,1,1533.3144806305668,440.0,66.43385238628457,298.32497810729353,-1,-1,-1,-1
10,2,451.01211932792376,456.0,110.46365676048742,242.76560239481614,-1,-1,-1,-1
10,3,585.6357497047081,456.0,81.19415125024977,226.95970285934084,-1,-1,-1,-1
10,4,641.9908715393225,464.0,64.77823619451578,168.65576224959864,-1,-1,-1,-1
10,5,575.5500242544857,463.9999999999999,47.72600324466396,112.46318073869361,-1,-1,-1,-1
10,6,1389.457694042862,447.9999999999999,33.44173156646957,106.16511921431095,-1,-1,-1,-1
10,7,1016.2629849216879,440.0000000000001,35.06371071113074,95.1159661079829,-1,-1,-1,-1
10,8,1103.471452835139,440.0,30.185015934219564,96.10718022078231,-1,-1,-1,-1
10,9,933.5383501216025,440.0,30.343863969275276,92.79534404258811,-1,-1,-1,-1
10,10,1260.7097079950872,456.00000000000006,27.926297144177852,86.28083488814644,-1,-1,-1,-1
11,0,453.9425188331006,456.00000000000006,105.54372605193305,242.39401658749506,-1,-1,-1,-1
11,1,597.5513875322956,455.99999999999994,48.48672355467011,227.35361742832941,-1,-1,-1,-1
11,2,646.9969689902027,464.0,57.98488205552678,168.5296861179877,-1,-1,-1,-1
11,3,577.8255810444998,463.99999999999994,47.0994782699222,114.41732306997375,-1,-1,-1,-1
11,4,1384.2463700885637,448.0,33.09796754321542,105.65131260133103,-1,-1,-1,-1
11,5,1103.85264143747,448.0,28.353623157620632,91.99002389005045,-1,-1,-1,-1
11,6,935.6769643254178,440.0,33.14441501863655,91.42801466791514,-1,-1,-1,-1
11,7,1258.839403253225,456.0,28.58201783549862,86.1622603135238,-1,-1,-1,-1
11,8,545.1933449578798,464.00000000000006,25.762497364332148,91.82286110917283,-1,-1,-1,-1
11,9,553.8730357786203,464.0,19.069098323750723,91.83730039147997,-1,-1,-1,-1
12,0,449.9106125400088,456.00000000000006,106.15900735058693,249.85504789638532,-1,-1,-1,-1
12,1,587.2062813881671,455.99999999999994,87.41310944779002,227.8809269415728,-1,-1,-1,-1
12,2,642.720173351406,464.0,62.68279947179917,163.6111070575306,-1,-1,-1,-1
12,3,746.567431585641,471.99999999999994,7.963065542222012,93.33492701652762,-1,-1,-1,-1
12,4,1015.2423315881334,440.0,36.49651998721481,95.13672988987958,-1,-1,-1,-1
12,5,1103.6897277825096,447.99999999999994,28.861892279450785,90.74606907313643,-1,-1,-1,-1
12,6,930.2845613457213,440.00000000000006,30.42045871424898,90.20257484888288,-1,-1,-1,-1
12,7,1263.7669223352177,456.0,18.479178944701516,87.6381252435848,-1,-1,-1,-1
12,8,553.910014831886,464.0,9.10635985335,87.5164151741983,-1,-1,-1,-1
13,0,460.03544859880054,456.00000000000006,97.50867957273186,251.75352214779997,-1,-1,-1,-1
13,1,582.8974275840927,455.99999999999994,92.95594079659998,232.92193691475762,-1,-1,-1,-1
13,2,581.8844344621785,464.0,40.99761021271809,113.54833104010038,-1,-1,-1,-1
13,3,1103.8339805754304,440.0,28.54711099912538,96.3634681583876,-1,-1,-1,-1
13,4,930.3553144266516,440.0,33.723608123317945,88.964611634947,-1,-1,-1,-1
13,5,1258.5220912980183,456.0,28.644006572249282,87.37450599505405,-1,-1,-1,-1
13,6,553.8505407664438,464.0,23.59741545250131,89.12300203425798,-1,-1,-1,-1
14,0,459.27794162652697,456.0,100.1844596113873,249.4430605775251,-1,-1,-1,-1
14,1,583.1667854335665,455.99999999999994,92.88866670726475,236.30237151740283,-1,-1,-1,-1
14,2,644.3753578932508,472.0,60.3960812454942,157.51222582367132,-1,-1,-1,-1
14,3,582.0885476205306,464.0,30.07925149440848,115.34411550328855,-1,-1,-1,-1
14,4,737.0001243684213,480.00000000000006,15.966020155610863,91.00096761701872,-1,-1,-1,-1
14,5,1103.6256472337009,447.99999999999994,31.21389333297452,89.68510804029819,-1,-1,-1,-1
14,6,935.1195030048052,440.0,25.169277706132107,88.8729826549719,-1,-1,-1,-1
14,7,1258.5220912980183,456.0,28.644006572249282,87.37450599505405,-1,-1,-1,-1
14,8,550.1999919171803,464.0,35.36367528570645,90.46772827700602,-1,-1,-1,-1
15,0,1485.300762191781,432.0,71.6435334140217,324.77855486994497,-1,-1,-1,-1
15,1,463.3312295950449,456.00000000000006,98.85351760095739,249.4509190995921,-1,-1,-1,-1
15,2,589.1479362082705,455.99999999999994,86.83462494764285,236.22194163622584,-1,-1,-1,-1
15,3,581.5736314688693,464.0,42.37504372955698,114.27331211056105,-1,-1,-1,-1
15,4,982.8444946709664,447.99999999999994,78.59845442759286,89.73138128755392,-1,-1,-1,-1
15,5,1104.2442594100971,447.99999999999994,28.585381227864673,95.06836574829816,-1,-1,-1,-1
15,6,934.1998080650824,440.00000000000006,24.514694703389523,88.41987128353054,-1,-1,-1,-1
15,7,551.9931043786426,464.00000000000006,26.536092783496656,88.9536511398947,-1,-1,-1,-1
15,8,1258.6204387650832,456.0,28.573372782038632,86.4025866393157,-1,-1,-1,-1
15,9,1000.8735470195155,464.0,8.917535445012618,63.427681611927596,-1,-1,-1,-1
15,10,684.1880488812626,464.0,8.202774188371905,67.40756775363513,-1,-1,-1,-1
16,0,1478.8042590906266,432.0,84.54555025584023,336.07410631892105,-1,-1,-1,-1
16,1,1580.2471800702779,448.0,87.81849638748827,314.32360042400603,-1,-1,-1,-1
16,2,459.17856875744246,456.00000000000006,111.80282782051586,257.85976577316745,-1,-1,-1,-1
16,3,590.5870592299941,455.99999999999994,86.15586451410218,235.92917432373423,-1,-1,-1,-1
16,4,675.0838872291878,472.0,27.214120149652217,165.39308746559686,-1,-1,-1,-1
16,5,671.456263606245,464.0,18.83337254983519,155.80888863855398,-1,-1,-1,-1
16,6,583.3338242404129,463.99999999999994,40.619637093634196,113.60123615773938,-1,-1,-1,-1
16,7,1074.9827895248336,488.00000000000006,30.896729859482775,97.98517909034541,-1,-1,-1,-1
16,8,1013.0743843287313,447.99999999999994,37.84032483767862,90.26220142792505,-1,-1,-1,-1
16,9,1104.045327522694,447.99999999999994,28.880622301216363,94.68835225199263,-1,-1,-1,-1
16,10,557.9787444055331,464.00000000000006,9.260262327200394,91.47110869635316,-1,-1,-1,-1
16,11,1258.4564632736428,456.0,28.975468454216752,86.80421157563308,-1,-1,-1,-1
16,12,932.5826546980009,440.0,26.280580329337226,86.86667036478093,-1,-1,-1,-1
17,0,457.9919097989748,456.00000000000006,110.19611904139992,251.59722957425373,-1,-1,-1,-1
17,1,590.4462951184807,456.0,78.29005161139673,226.78959083046266,-1,-1,-1,-1
17,2,645.6168426547772,471.99999999999994,57.48457662182659,164.88545753454247,-1,-1,-1,-1
17,3,684.0073216146948,456.00000000000006,21.409417411627373,138.60516116850448,-1,-1,-1,-1
17,4,585.2947410017917,463.9999999999999,31.178832726884707,111.43315234755926,-1,-1,-1,-1
17,5,574.2901810400147,463.99999999999994,46.35154706940443,115.20213175511373,-1,-1,-1,-1
17,6,1102.570404950892,447.99999999999994,32.022137940598896,88.80833780989457,-1,-1,-1,-1
17,7,930.6248988868923,440.0,30.34361716209935,89.18219475335377,-1,-1,-1,-1
17,8,1017.8580122523363,440.0,30.621138437920308,92.91678997367273,-1,-1,-1,-1
17,9,562.9975222206534,464.00000000000006,5.002477779346577,89.90938805940374,-1,-1,-1,-1
17,10,1256.8752193265248,456.0,30.124470723257673,86.05570352745588,-1,-1,-1,-1
18,0,1513.6453991212438,432.0,77.34406376265974,332.2878881381123,-1,-1,-1,-1
18,1,454.9679736475136,456.0,115.45937512085703,265.31341336153866,-1,-1,-1,-1
18,2,593.1630953927104,456.0,76.58064760144589,227.77362676220446,-1,-1,-1,-1
18,3,645.1897609125339,463.99999999999994,59.03510228198854,175.2613269982316,-1,-1,-1,-1
18,4,688.0,464.0,8.894223015500415,123.9403634462991,-1,-1,-1,-1
18,5,576.8293281760443,463.99999999999994,45.22812562782042,113.40024500291696,-1,-1,-1,-1
18,6,1016.8963091568718,440.0,35.83252603850008,94.77714285406432,-1,-1,-1,-1
18,7,1104.0380277331492,440.0,29.97129563501676,98.27688919418563,-1,-1,-1,-1
18,8,928.7039809382758,440.0,32.37140357495218,89.68501403349637,-1,-1,-1,-1
18,9,564.1752039239916,463.99999999999994,4.252029632621316,90.6143719550924,-1,-1,-1,-1
18,10,1256.2338006268083,456.0,31.432571373432438,87.70965719343292,-1,-1,-1,-1
18,11,425.9774886841627,464.0,15.449582203195973,85.53046607448277,-1,-1,-1,-1
18,12,688.0,464.0,5.879154749606187,69.52760737898643,-1,-1,-1,-1
