1,0,1369.9007009143652,576.0,69.60158266325925,205.75628194916817,-1,-1,-1,-1
1,1,370.599233770635,424.0,84.14932358482355,207.38909417291143,-1,-1,-1,-1
1,2,105.99176143166198,560.0,64.18223898760323,221.01217851763533,-1,-1,-1,-1
1,3,274.05689761702513,376.0,49.268955852036015,202.61450004916503,-1,-1,-1,-1
1,4,251.16154180063006,408.0,58.01091413177801,176.267020228334,-1,-1,-1,-1
1,5,543.7122651898273,152.0,63.07980602194789,166.09708339213807,-1,-1,-1,-1
1,6,1081.985828554224,224.0,74.6630127834701,162.07647614504305,-1,-1,-1,-1
1,7,1736.548058354681,472.0,66.43284148305361,191.53213957277399,-1,-1,-1,-1
1,8,513.6056651552885,135.99999999999994,36.14331605279244,153.9712411797496,-1,-1,-1,-1
1,9,951.8931118603301,144.0,155.09870562677372,155.80024681575617,-1,-1,-1,-1
1,10,798.5148998204263,160.00000000000006,44.658509307620534,151.07314537463776,-1,-1,-1,-1
1,11,863.6434003739491,128.0,73.1578665737627,162.85700572420626,-1,-1,-1,-1
1,12,1457.2360683708384,256.00000000000006,42.920247665741044,154.74685754494976,-1,-1,-1,-1
1,13,472.1496055400489,88.00000000000011,68.46524700463704,149.93611143057888,-1,-1,-1,-1
1,14,360.0,104.00000000000006,61.27795986170872,161.0622398365923,-1,-1,-1,-1
1,15,1642.5102960774502,272.0,45.60533764714296,160.4811091915077,-1,-1,-1,-1
1,16,272.0000000000001,104.00000000000006,95.9374753077567,137.82843654337614,-1,-1,-1,-1
1,17,391.9999999999999,95.99999999999994,89.20438727421669,153.882415954036,-1,-1,-1,-1
1,18,497.69853688099585,56.00000000000006,41.140330098184165,137.09074552312472,-1,-1,-1,-1
1,19,383.72812733814396,88.00000000000011,66.02771802938258,130.50477859171951,-1,-1,-1,-1
2,0,1368.0033639113926,576.0,74.62532974353621,208.7797720688519,-1,-1,-1,-1
2,1,372.7788505099584,424.0,84.7090880560321,206.89334416441454,-1,-1,-1,-1
2,2,105.99176143166198,560.0,64.18223898760323,221.01217851763533,-1,-1,-1,-1
2,3,263.1865816835847,376.0,60.602941369668656,197.9432308989658,-1,-1,-1,-1
2,4,243.44611565836146,400.0,69.03212228289703,186.854790141168,-1,-1,-1,-1
2,5,1113.5926977827883,224.0,30.44907874796445,159.3447150589343,-1,-1,-1,-1
2,6,542.3652624713739,152.0,63.005260658470434,161.42158402930858,-1,-1,-1,-1
2,7,1738.7175271920914,472.0,59.67387946424287,192.44166780607884,-1,-1,-1,-1
2,8,973.3932396416201,144.0,130.23607650118242,151.7202213052385,-1,-1,-1,-1
2,9,873.3340902762318,135.99999999999994,70.17205234109053,153.15978272558192,-1,-1,-1,-1
2,10,801.1532084144108,160.0,47.07659526384896,147.409717244734,-1,-1,-1,-1
2,11,461.67056326614045,88.00000000000006,56.677090339841925,172.38763693856606,-1,-1,-1,-1
2,12,359.9999999999999,104.0,42.081765923509124,164.0191748028637,-1,-1,-1,-1
2,13,1639.431483346947,271.99999999999994,50.07063343235336,162.40757481176553,-1,-1,-1,-1
2,14,457.2082716929671,88.00000000000006,71.19472939252506,153.73059351636857,-1,-1,-1,-1
2,15,345.8709655032808,104.0,109.11519676244626,133.8977158764098,-1,-1,-1,-1
2,16,254.31443281205486,104.00000000000006,86.06917582055473,148.5543247964814,-1,-1,-1,-1
2,17,380.9603911172459,88.0,48.45722536058065,137.52726798569296,-1,-1,-1,-1
2,18,1742.9892291753977,224.00000000000006,109.52072387022372,184.61147022161146,-1,-1,-1,-1
2,19,496.3377815281396,56.0,34.48628490476477,138.39269075035656,-1,-1,-1,-1
3,0,1368.7585356995169,576.0,74.63981846792944,211.74457283104084,-1,-1,-1,-1
3,1,376.59090882303315,424.0,84.16549517641886,202.50713266262403,-1,-1,-1,-1
3,2,110.54768840426902,560.0,59.321780084735906,226.09801615138076,-1,-1,-1,-1
3,3,263.09077899695353,376.0,48.04710590181912,201.08317854235816,-1,-1,-1,-1
3,4,247.2168056627561,408.0,74.07894269085034,178.9819303871268,-1,-1,-1,-1
3,5,535.1400868440676,152.0,67.98537313804741,168.9490947486231,-1,-1,-1,-1
3,6,1738.451537537534,472.0,59.045787371580445,192.73656242075538,-1,-1,-1,-1
3,7,968.7715741994606,143.99999999999994,131.22365549092672,154.09390380737028,-1,-1,-1,-1
3,8,803.4477898776511,160.00000000000006,42.64723567807732,146.67711028722766,-1,-1,-1,-1
3,9,1463.1446981483393,255.99999999999994,20.242670913248503,146.92677079573247,-1,-1,-1,-1
3,10,451.10652104926464,88.00000000000006,63.402606762119945,169.51322068222817,-1,-1,-1,-1
3,11,886.7548814116408,135.99999999999994,48.14236054730452,160.41504747491854,-1,-1,-1,-1
3,12,1640.3849451373094,271.99999999999994,49.31092859070759,161.43960140348116,-1,-1,-1,-1
3,13,360.0,104.00000000000006,73.63537446909606,145.29328850741302,-1,-1,-1,-1
3,14,272.0000000000001,104.00000000000006,104.59028470834255,166.65207193326478,-1,-1,-1,-1
3,15,1800.9720999018996,224.00000000000006,59.887468707610424,154.2231431745319,-1,-1,-1,-1
3,16,491.4162712163267,56.00000000000006,38.70368227784621,142.24170969946317,-1,-1,-1,-1
3,17,379.5697272954684,88.00000000000011,46.451728136525844,136.03504369831882,-1,-1,-1,-1
4,0,1367.628063421998,576.0,72.99603477571281,208.79461172346998,-1,-1,-1,-1
4,1,374.25174218507345,424.0,89.9277760375935,200.41004572693726,-1,-1,-1,-1
4,2,106.45126617703943,560.0,63.569079716743886,222.00999503711807,-1,-1,-1,-1
4,3,252.3300166208711,376.0,60.714640469828396,194.76708106939554,-1,-1,-1,-1
4,4,556.6265795021332,144.0,37.11412104048395,175.26211121204773,-1,-1,-1,-1
4,5,248.0,408.0,61.9846142010789,176.28694261166743,-1,-1,-1,-1
4,6,536.725115923897,143.99999999999994,51.926325974484485,178.37086318403925,-1,-1,-1,-1
4,7,1739.198538121187,472.0,55.89672801715574,190.54313968738757,-1,-1,-1,-1
4,8,528.3063780478926,135.99999999999994,31.940531579604567,171.7265206047062,-1,-1,-1,-1
4,9,1053.1485055161197,144.0,67.85208494189465,184.90554685717285,-1,-1,-1,-1
4,10,479.99999999999994,88.00000000000006,47.81919947780449,149.7682385495259,-1,-1,-1,-1
4,11,890.4511212916839,135.9999999999999,122.24398822547698,149.28778143430804,-1,-1,-1,-1
4,12,359.9999999999999,104.0,26.717686820691483,160.89398871796737,-1,-1,-1,-1
4,13,902.9441741883685,135.99999999999994,30.077736047624967,149.4753590428508,-1,-1,-1,-1
4,14,1636.7712874560257,271.99999999999994,49.72163334286461,161.46996853014497,-1,-1,-1,-1
4,15,357.8580524446446,96.00000000000011,112.73355234368643,144.26436288387237,-1,-1,-1,-1
4,16,264.0,104.0,84.62142807445241,139.22997480563464,-1,-1,-1,-1
4,17,382.5889385992009,88.0,36.43256844756161,136.49362460500066,-1,-1,-1,-1
4,18,1806.9895799186515,224.0,52.345028953659266,150.7304021990317,-1,-1,-1,-1
4,19,496.0113394972047,56.000000000000114,35.82865664351158,133.81766701022718,-1,-1,-1,-1
5,0,1372.948428683232,576.0,69.11204473704197,209.77407400869947,-1,-1,-1,-1
5,1,377.0667169744506,424.0,84.2140469264802,207.3801065137718,-1,-1,-1,-1
5,2,108.98606057351617,560.0,63.04737754047369,223.15684985981864,-1,-1,-1,-1
5,3,244.40798606597605,376.0,76.64678426659952,187.42276168382057,-1,-1,-1,-1
5,4,259.18741704639683,384.0,56.98048221563192,180.69574986809414,-1,-1,-1,-1
5,5,241.9819990899257,400.0,62.011942591974616,178.3381353416197,-1,-1,-1,-1
5,6,543.820188666836,152.0,58.63963051304074,166.90785801201622,-1,-1,-1,-1
5,7,1737.1850364982306,472.0,58.50039370019772,189.45840830239297,-1,-1,-1,-1
5,8,1095.7863926406078,224.0,44.124548179967405,153.35171364575433,-1,-1,-1,-1
5,9,816.0,160.00000000000006,50.139561987940056,140.70588947067074,-1,-1,-1,-1
5,10,1437.8659427859027,256.00000000000006,73.20927631436484,150.78282720741532,-1,-1,-1,-1
5,11,368.0,104.00000000000006,105.80702651954152,163.74872229514654,-1,-1,-1,-1
5,12,894.8554709649467,135.99999999999994,40.97070496134813,149.0448457437838,-1,-1,-1,-1
5,13,1637.5919072213385,271.99999999999994,50.51054011326164,161.6435300708792,-1,-1,-1,-1
5,14,451.5979106207105,88.0,65.3924670311315,164.68923244000547,-1,-1,-1,-1
5,15,272.0,96.00000000000006,106.16860723589116,165.98783775768186,-1,-1,-1,-1
5,16,360.0,96.00000000000011,67.78731725150624,152.73968995808917,-1,-1,-1,-1
5,17,363.91770290780744,96.00000000000006,70.00705302757285,145.15369606259407,-1,-1,-1,-1
5,18,376.03057372090393,87.99999999999994,52.56075126265307,132.44783574968528,-1,-1,-1,-1
5,19,1805.3101461817664,224.0,55.72635618212689,154.5778660219175,-1,-1,-1,-1
5,20,493.7857713736783,56.00000000000006,36.63849276148511,153.70540749207117,-1,-1,-1,-1
6,0,1370.0861722746993,576.0,72.90961229616573,207.97666437609018,-1,-1,-1,-1
6,1,376.0682976774058,424.0,87.82885397008141,194.82470616186458,-1,-1,-1,-1
6,2,108.11243999016165,560.0,59.42468553644835,227.48397300064653,-1,-1,-1,-1
6,3,255.5023313645944,376.0,66.72710060571399,188.67495063106435,-1,-1,-1,-1
6,4,248.9545870385125,384.0,58.346720245825054,195.07594324592844,-1,-1,-1,-1
6,5,534.048543328496,152.0,71.56650670740771,164.7286322711186,-1,-1,-1,-1
6,6,1735.59632225381,472.0,57.78140838183049,189.55335740426437,-1,-1,-1,-1
6,7,1089.5526610172833,224.0,52.33450151164334,154.0528174291482,-1,-1,-1,-1
6,8,351.78931831608463,103.99999999999989,44.332702378104955,157.7124534326935,-1,-1,-1,-1
6,9,887.1915498501833,135.9999999999999,47.6288001118661,146.20714235009,-1,-1,-1,-1
6,10,891.4989650671449,135.99999999999994,42.27524731739493,149.6022558768256,-1,-1,-1,-1
6,11,1637.1607921157583,271.99999999999994,48.4594733287704,162.7116305436876,-1,-1,-1,-1
6,12,434.58572472353933,88.0,72.49989719169315,162.30965384583033,-1,-1,-1,-1
6,13,246.3512448109375,112.0,16.59783912776288,166.33780811223846,-1,-1,-1,-1
6,14,1798.5678132215494,216.0,65.92856071885899,158.99221634379683,-1,-1,-1,-1
6,15,382.596573505729,88.0,43.074557432838446,143.49744798837793,-1,-1,-1,-1
6,16,491.0846315466706,56.00000000000006,39.40345226518252,159.27069160881484,-1,-1,-1,-1
7,0,1372.9343186538551,576.0,70.00065080793888,203.6297848449169,-1,-1,-1,-1
7,1,376.31233758256815,416.0,87.68533464551575,205.25946280581877,-1,-1,-1,-1
7,2,108.11243999016165,560.0,59.42468553644835,227.48397300064653,-1,-1,-1,-1
7,3,240.60222172905208,376.0,76.8352088800192,196.04579016412197,-1,-1,-1,-1
7,4,540.796046655316,152.0,58.2692398207904,167.0860412451911,-1,-1,-1,-1
7,5,1736.0913586266097,472.0,55.19491086661219,185.4352334889336,-1,-1,-1,-1
7,6,1084.4339891065924,223.99999999999994,50.16121657239751,154.01829788319134,-1,-1,-1,-1
7,7,893.291208945762,135.99999999999994,42.792208179851514,152.573417720314,-1,-1,-1,-1
7,8,801.6552121173561,160.0,53.315998053832686,146.9871251353007,-1,-1,-1,-1
7,9,453.59422496691246,88.00000000000006,57.56326629107281,142.43410032466187,-1,-1,-1,-1
7,10,359.9999999999999,104.0,71.57851190915176,160.88286353992538,-1,-1,-1,-1
7,11,1637.7618602819805,271.99999999999994,45.216760608100685,160.53363736242193,-1,-1,-1,-1
7,12,231.82962123164077,103.99999999999994,163.00739668584663,159.3864945520524,-1,-1,-1,-1
7,13,1796.4950779166697,216.0,70.70436051674892,159.08697268528226,-1,-1,-1,-1
7,14,489.1272503169531,56.000000000000114,41.03465679912949,148.74183823778606,-1,-1,-1,-1
7,15,387.6017846930871,87.99999999999994,66.97921214848782,146.45979435971958,-1,-1,-1,-1
8,0,1370.2125875078227,576.0,71.79738259078385,200.891349798291,-1,-1,-1,-1
8,1,375.8280973583986,416.0,86.6958346201991,204.68969080255124,-1,-1,-1,-1
8,2,109.43072693419276,560.0,58.84237902662471,226.2752297398182,-1,-1,-1,-1
8,3,242.47734814516457,376.0,69.23322154636219,202.72007830805148,-1,-1,-1,-1
8,4,535.9640492627855,152.00000000000006,69.01027099085923,172.7764854784046,-1,-1,-1,-1
8,5,1731.1860093972637,472.0,61.49390195557771,188.33483602463662,-1,-1,-1,-1
8,6,498.0256352661134,144.0,63.473713155611506,152.46716435829467,-1,-1,-1,-1
8,7,1084.9008031080973,223.99999999999994,54.5083916291012,153.28258732810167,-1,-1,-1,-1
8,8,851.0208398738149,135.9999999999999,60.97916012618509,153.720020288657,-1,-1,-1,-1
8,9,890.9080616237082,143.99999999999994,39.64552622802978,143.31096337539486,-1,-1,-1,-1
8,10,806.4619636560653,160.0,17.31842698311027,135.76670105851463,-1,-1,-1,-1
8,11,435.3217927566765,88.00000000000006,70.41323657166151,152.4918169762057,-1,-1,-1,-1
8,12,1636.8959551419525,271.99999999999994,44.1613714514333,162.6221008310864,-1,-1,-1,-1
8,13,255.9999999999999,112.0,103.52719358473792,167.33622249587017,-1,-1,-1,-1
8,14,359.9919717384106,96.00000000000006,50.9314911564162,143.4393371978062,-1,-1,-1,-1
8,15,492.4562446421321,56.00000000000006,35.5337661831328,152.9772782920873,-1,-1,-1,-1
8,16,1805.0156455803542,224.0000000000001,61.95277685020915,156.7247914218513,-1,-1,-1,-1
9,0,1372.8816825515532,576.0,71.18007932686123,210.14230576461046,-1,-1,-1,-1
9,1,377.6592110686861,416.0,85.67655278176011,198.898521696868,-1,-1,-1,-1
9,2,109.43072693419276,560.0,58.84237902662471,226.2752297398182,-1,-1,-1,-1
9,3,251.35058763004565,376.0,55.162189854781786,190.0444090982478,-1,-1,-1,-1
9,4,536.7677687128948,152.00000000000006,68.10677579022308,173.75379456958126,-1,-1,-1,-1
9,5,510.8502285251752,143.99999999999994,48.859153151819555,156.83832595940345,-1,-1,-1,-1
9,6,1735.7203271199191,472.0,56.033437899011005,185.94802276898565,-1,-1,-1,-1
9,7,1081.5901744839705,223.99999999999994,56.13934398488436,149.27849431964313,-1,-1,-1,-1
9,8,863.5055192798798,135.9999999999999,61.48398754284676,159.56565078257358,-1,-1,-1,-1
9,9,888.6467251693458,143.99999999999994,50.33105357075431,145.50908718925876,-1,-1,-1,-1
9,10,802.2092621022954,160.0,45.30224287606427,147.63040395840238,-1,-1,-1,-1
9,11,1630.0841596241069,271.99999999999994,52.038542615303186,161.75475106317003,-1,-1,-1,-1
9,12,390.2975871172173,88.00000000000006,77.10577198930275,172.87025777941784,-1,-1,-1,-1
9,13,434.5435452559294,80.0,83.17174852333324,146.99211485788447,-1,-1,-1,-1
9,14,360.0,96.00000000000006,34.681613080848365,160.4827588902562,-1,-1,-1,-1
9,15,264.0000000000001,104.00000000000006,148.04033815296464,132.72790083875373,-1,-1,-1,-1
9,16,246.4564676952782,112.0,58.139126001484556,152.9827351235586,-1,-1,-1,-1
9,17,1803.458048094626,224.0,66.81448675699585,158.3370915045054,-1,-1,-1,-1
9,18,491.69841077239545,56.00000000000006,37.1588599331273,153.79830003296405,-1,-1,-1,-1
10,0,1369.7510147522157,576.0,72.104287778654,208.1242394572797,-1,-1,-1,-1
10,1,377.2244138940964,416.0,84.72173553723684,194.75299089215753,-1,-1,-1,-1
10,2,110.15248022980643,560.0,58.63394094833677,227.46483891507285,-1,-1,-1,-1
10,3,245.0219050036236,376.0,52.71241852198477,189.67976943541248,-1,-1,-1,-1
10,4,535.8248812852572,160.00000000000006,69.90460692071917,169.04943065913943,-1,-1,-1,-1
10,5,1734.5555001188732,472.0,57.03718886114416,187.52093209689156,-1,-1,-1,-1
10,6,511.2553977822807,152.00000000000006,49.23861654864976,161.5752755102156,-1,-1,-1,-1
10,7,1074.3674115749209,232.00000000000006,64.48001927485393,151.53929090990653,-1,-1,-1,-1
10,8,886.1046312768594,135.99999999999994,49.3643649827369,154.07153500922135,-1,-1,-1,-1
10,9,800.3072795474096,160.0,49.24584801640094,150.12157596298755,-1,-1,-1,-1
10,10,1631.5292249044899,271.99999999999994,46.76661269817805,160.41427517507304,-1,-1,-1,-1
10,11,439.5225966154918,80.00000000000006,52.680942013124536,172.90442965854385,-1,-1,-1,-1
10,12,368.88743344905015,88.0,95.11256655094996,157.28490796954276,-1,-1,-1,-1
10,13,439.9855155069007,80.00000000000006,80.89450190170521,151.01305092564826,-1,-1,-1,-1
10,14,360.0,96.00000000000006,58.99805376939844,163.45611080568773,-1,-1,-1,-1
10,15,1800.4324112485406,224.00000000000006,74.18024730465163,168.20608184048962,-1,-1,-1,-1
10,16,489.6861953225543,56.000000000000114,40.037387130883474,152.18092823083953,-1,-1,-1,-1
10,17,264.0000000000001,104.00000000000006,129.81815842506205,132.33960997997565,-1,-1,-1,-1
11,0,1363.6741631108705,576.0,77.07927218229293,205.1493002733938,-1,-1,-1,-1
11,1,376.33096337293,416.0,85.47462092396404,192.68110334542587,-1,-1,-1,-1
11,2,111.56308745132674,560.0,56.5552243654671,227.291799754139,-1,-1,-1,-1
11,3,526.5254932477484,160.0,74.7711497171424,170.27870052809084,-1,-1,-1,-1
11,4,242.35368045672885,376.0,53.85330485837051,186.17822999450505,-1,-1,-1,-1
11,5,1733.2294869308726,472.0,60.462236858868664,185.18118591473478,-1,-1,-1,-1
11,6,514.4845528773919,152.00000000000006,52.94316582180079,173.43510561092268,-1,-1,-1,-1
11,7,1071.4946173393919,232.0,54.473122004801326,146.73856336486858,-1,-1,-1,-1
11,8,886.9693596351248,136.0,52.98561838118462,155.1816384175923,-1,-1,-1,-1
11,9,800.585932209881,160.00000000000006,46.737087140018616,149.19585664658325,-1,-1,-1,-1
11,10,1628.9313152284144,271.99999999999994,46.740266682753145,161.90813654322722,-1,-1,-1,-1
11,11,375.0298779366243,112.0,29.05855743236191,153.92139759971417,-1,-1,-1,-1
11,12,456.00000000000006,88.00000000000006,65.04752574623177,170.58098435355947,-1,-1,-1,-1
11,13,447.66025481938084,96.00000000000011,51.811556186436576,142.01290921246743,-1,-1,-1,-1
11,14,367.91764091080836,104.0,46.76118152174354,149.30039945630745,-1,-1,-1,-1
11,15,480.00000000000006,80.00000000000006,32.79078327936526,157.097753518542,-1,-1,-1,-1
11,16,353.55954709490265,96.00000000000006,51.13976901413105,141.92628320898973,-1,-1,-1,-1
11,17,1805.2090129023823,224.0,69.7143559458093,163.784259266012,-1,-1,-1,-1
11,18,490.2069396611299,56.00000000000006,41.156315019469616,130.37851052039588,-1,-1,-1,-1
11,19,238.8265800856101,112.00000000000011,48.12949539457668,146.91301634139631,-1,-1,-1,-1
11,20,257.3607969203248,104.00000000000006,99.30566330663135,144.50875698409692,-1,-1,-1,-1
12,0,1370.3822778584658,576.0,74.10543270027756,208.6400292143544,-1,-1,-1,-1
12,1,380.40522434249317,416.0,79.40999157070667,192.07255426094207,-1,-1,-1,-1
12,2,109.21725874983133,560.0,61.839168497732544,219.3359183165744,-1,-1,-1,-1
12,3,242.175782615608,368.0,56.56110564910068,189.14940013222576,-1,-1,-1,-1
12,4,527.1795389690153,160.0,73.26167060932266,168.194488951113,-1,-1,-1,-1
12,5,1065.2014463027367,224.0,54.46806500540356,152.0038717164657,-1,-1,-1,-1
12,6,1734.9801500261724,472.0,56.134447393216305,182.28931209368204,-1,-1,-1,-1
12,7,520.7087791179835,151.99999999999994,34.71035499165748,154.93218351060136,-1,-1,-1,-1
12,8,886.7383515839948,144.0,52.60446084581088,146.72359775032942,-1,-1,-1,-1
12,9,802.1501935868267,160.0,44.75411105008709,147.9228634200423,-1,-1,-1,-1
12,10,1629.4210210394353,263.99999999999994,46.18041122345403,167.41539057839196,-1,-1,-1,-1
12,11,366.57962052686514,112.00000000000011,37.423499490779705,161.7358285823923,-1,-1,-1,-1
12,12,446.9520881114697,88.00000000000006,44.25726370733645,141.25482748576349,-1,-1,-1,-1
12,13,431.3003800851161,96.00000000000011,39.58844910565068,140.86231290712237,-1,-1,-1,-1
12,14,440.1025947219176,88.0,78.54864079952097,128.8086545914154,-1,-1,-1,-1
12,15,494.9289043211535,56.000000000000114,33.088583727549576,153.01228762713862,-1,-1,-1,-1
12,16,351.30944362532637,96.00000000000006,46.681959328484936,146.92382931114867,-1,-1,-1,-1
12,17,256.0,112.0,118.95088735901993,139.32466821676405,-1,-1,-1,-1
12,18,1809.031646325343,232.0,67.50974649751174,159.58093402391194,-1,-1,-1,-1
12,19,272.0,104.0,81.935960541952,126.95034132426974,-1,-1,-1,-1
13,0,1372.1758336729968,576.0,70.91152303271565,211.866319300158,-1,-1,-1,-1
13,1,376.1301472421526,416.0,91.70102406983739,194.55895998706728,-1,-1,-1,-1
13,2,107.96441930538595,560.0,60.9803207089052,221.60200716246948,-1,-1,-1,-1
13,3,249.88060706926865,368.0,45.0854759397306,191.33327515554197,-1,-1,-1,-1
13,4,526.3159880130858,160.0,70.78816326296021,179.86237341709773,-1,-1,-1,-1
13,5,1067.6796348222747,215.99999999999994,24.73809939862167,159.73783013853114,-1,-1,-1,-1
13,6,510.64730852866927,152.00000000000006,52.32075255114552,151.09378409924193,-1,-1,-1,-1
13,7,1732.3098786827402,472.0,62.66960123699346,183.58085171366122,-1,-1,-1,-1
13,8,887.3052762373284,144.0,56.90737143281672,151.7550112120901,-1,-1,-1,-1
13,9,1044.3246706926204,152.00000000000006,41.51723098777779,151.50083431108135,-1,-1,-1,-1
13,10,1629.5549133944994,263.99999999999994,49.09824918294885,163.41374967004487,-1,-1,-1,-1
13,11,421.07543684284076,88.00000000000006,41.006299598325995,163.95561972244553,-1,-1,-1,-1
13,12,1803.664717076457,232.0000000000001,75.67846776519104,170.49781714325354,-1,-1,-1,-1
13,13,427.99712304673346,80.00000000000006,83.71191854958579,148.40889191440516,-1,-1,-1,-1
13,14,350.18511742354303,96.00000000000006,48.65122954054709,155.31295723307142,-1,-1,-1,-1
13,15,490.1724957507547,56.000000000000114,39.489423561203125,148.95079790598095,-1,-1,-1,-1
13,16,259.89629955994815,95.99999999999994,40.00893091639739,136.4112652155619,-1,-1,-1,-1
14,0,1369.953211946644,576.0,72.85863333164207,206.0646696532848,-1,-1,-1,-1
14,1,380.95830775751665,408.0,85.22649893904014,198.06313672031013,-1,-1,-1,-1
14,2,105.73737623325712,560.0,63.7652314803762,221.98011088808767,-1,-1,-1,-1
14,3,527.8223332243533,160.00000000000006,73.34997885848122,173.63245457487682,-1,-1,-1,-1
14,4,246.4583127524694,368.0,47.96760454198591,189.59881451505078,-1,-1,-1,-1
14,5,1070.8036585372677,224.0,31.818331922874677,150.742961745547,-1,-1,-1,-1
14,6,512.8393891430735,152.0,45.71161012458299,151.41116546773276,-1,-1,-1,-1
14,7,1733.1657007040085,472.0,59.38721751881326,182.53548844261718,-1,-1,-1,-1
14,8,887.9814078850894,144.0,51.17338680096407,149.86978507325324,-1,-1,-1,-1
14,9,1046.4438199062158,152.00000000000006,39.64323279584801,147.36158416993266,-1,-1,-1,-1
14,10,803.3936871311321,160.0,44.674589876144296,146.42827310199084,-1,-1,-1,-1
14,11,367.2367240366383,112.00000000000011,42.70567450248893,154.88898836882737,-1,-1,-1,-1
14,12,1627.8954320400017,263.99999999999994,43.527580667611346,161.47907245850712,-1,-1,-1,-1
14,13,464.95342947316874,80.00000000000006,56.85329636970084,147.74816061539013,-1,-1,-1,-1
14,14,455.6884991794545,88.00000000000006,24.089416561841176,145.6319560247337,-1,-1,-1,-1
14,15,319.5981492124471,103.99999999999994,82.60190643760484,156.85645297792877,-1,-1,-1,-1
14,16,487.6765885037139,56.000000000000114,42.17392374805229,151.09919417049457,-1,-1,-1,-1
14,17,1809.5635593163647,232.00000000000006,67.70764484885149,163.84818724241848,-1,-1,-1,-1
14,18,262.6628791675837,95.99999999999994,67.6351825436526,140.65946449425059,-1,-1,-1,-1
15,0,1370.3627034835968,576.0,70.805124790621,210.9448698695296,-1,-1,-1,-1
15,1,383.7264956086591,408.0,71.55382181037879,196.57432812962122,-1,-1,-1,-1
15,2,105.73737623325712,560.0,63.7652314803762,221.98011088808767,-1,-1,-1,-1
15,3,523.8854239390307,160.0,73.99169281329625,176.22384029348729,-1,-1,-1,-1
15,4,508.2049941986225,160.0,49.60021267892688,144.58453040223287,-1,-1,-1,-1
15,5,1068.0465662652214,216.00000000000006,37.17805638069967,157.25126558063954,-1,-1,-1,-1
15,6,1735.0944538312829,472.0,55.85067241162733,184.82236298989017,-1,-1,-1,-1
15,7,891.522389831568,144.0,48.01803182129402,153.31065954305575,-1,-1,-1,-1
15,8,800.8250542009189,160.0,44.525386345481024,147.66618507422913,-1,-1,-1,-1
15,9,1622.7239047261783,264.00000000000006,49.5395662906335,156.00757728155776,-1,-1,-1,-1
15,10,462.6413334560076,80.0,52.33846071728476,141.55569291526223,-1,-1,-1,-1
15,11,422.67804688445665,88.00000000000006,84.67866632720018,163.26138050802024,-1,-1,-1,-1
15,12,355.76020064734803,103.99999999999994,38.96890499545202,156.60853654485112,-1,-1,-1,-1
15,13,496.29379694853327,56.000000000000114,34.236352980079175,156.7396291010536,-1,-1,-1,-1
15,14,1809.9911266884528,240.0,67.40718366847977,161.59922518794474,-1,-1,-1,-1
15,15,269.1193761647352,87.99999999999994,67.36213183641405,144.9334982804536,-1,-1,-1,-1
16,0,1367.6508097096394,576.0,73.0253430765897,200.6041738810094,-1,-1,-1,-1
16,1,383.2510569192867,408.0,77.30043590364858,204.13676507379728,-1,-1,-1,-1
16,2,108.9099926042262,560.0,61.06534664581807,222.02624793783878,-1,-1,-1,-1
16,3,527.4295249475597,160.0,71.28884111500497,172.6505912599025,-1,-1,-1,-1
16,4,234.30321379740872,376.00000000000006,74.12637326866093,200.94937056650264,-1,-1,-1,-1
16,5,1731.1217058483917,472.0,60.029505265518765,184.37665705783309,-1,-1,-1,-1
16,6,883.8732177011193,143.99999999999994,57.38643812764178,155.62907201572676,-1,-1,-1,-1
16,7,451.9911031619176,80.00000000000006,68.67615844429798,174.93951945084825,-1,-1,-1,-1
16,8,430.76915712175287,88.00000000000006,55.62385782717274,149.17036619598701,-1,-1,-1,-1
16,9,343.74371235876606,103.99999999999994,45.69185362181838,168.37453581705188,-1,-1,-1,-1
16,10,1805.3282076600963,239.99999999999994,75.78466601650916,161.30380229999218,-1,-1,-1,-1
16,11,1621.4648063863501,264.0,51.67948663040943,154.13484989593064,-1,-1,-1,-1
16,12,488.2782747535206,56.000000000000114,42.69908914767723,139.8691530888521,-1,-1,-1,-1
16,13,270.2982919076022,88.00000000000006,81.14507933201651,165.19694821661864,-1,-1,-1,-1
17,0,1368.1628412087332,576.0,72.69498111100484,204.83220486252583,-1,-1,-1,-1
17,1,385.9741072152574,407.99999999999994,81.37848764831881,202.21991647357078,-1,-1,-1,-1
17,2,112.55570595014524,560.0,57.65455358273971,218.84428055721412,-1,-1,-1,-1
17,3,531.9306560406833,160.0,63.12576467798306,174.4212171742663,-1,-1,-1,-1
17,4,223.00285545330053,384.0,60.800041979659454,182.5282686139326,-1,-1,-1,-1
17,5,1731.5843563335247,472.0,63.189658428615985,182.39385635750352,-1,-1,-1,-1
17,6,874.9398944030958,144.0,65.28423863777732,156.17634141075536,-1,-1,-1,-1
17,7,452.2851274962336,80.0,55.679492820031214,148.7243241538788,-1,-1,-1,-1
17,8,355.2429563160433,103.99999999999989,35.661147656571075,159.21379173690787,-1,-1,-1,-1
17,9,796.509118003722,160.0,67.9470666062482,148.04791069550816,-1,-1,-1,-1
17,10,1619.0538419448571,264.00000000000006,50.784949952535044,153.50253928872775,-1,-1,-1,-1
17,11,485.377732931008,56.00000000000006,45.07546699823189,145.7468539924435,-1,-1,-1,-1
17,12,1811.5715830553565,239.99999999999994,66.33520692601337,165.0336610916416,-1,-1,-1,-1
18,0,1367.0977536379505,576.0,72.93663217738231,205.33610327461884,-1,-1,-1,-1
18,1,378.655551421028,407.99999999999994,88.84569363797618,202.5672102111743,-1,-1,-1,-1
18,2,111.66974344906419,560.0,58.732602890444355,218.5318877799183,-1,-1,-1,-1
18,3,530.2523323538333,159.9999999999999,58.212296056265814,174.86726307587958,-1,-1,-1,-1
18,4,1730.7255105039562,472.0,61.83471887921496,182.12481192252824,-1,-1,-1,-1
18,5,887.5942376240628,144.0,57.26332859707986,152.0893111050645,-1,-1,-1,-1
18,6,368.0,112.00000000000011,21.103201734727577,152.41198542970778,-1,-1,-1,-1
18,7,449.4387808851632,80.00000000000006,64.18917764994325,151.73261070189704,-1,-1,-1,-1
18,8,1612.4473307872236,264.0,52.61156229355947,152.12290951849326,-1,-1,-1,-1
18,9,489.85545798201605,56.000000000000114,43.28797381332885,149.97544106990165,-1,-1,-1,-1
18,10,1813.174549150825,240.0,66.01002265276611,162.94658228800517,-1,-1,-1,-1
