1,0,1530.634990627187,576.0,32.09181727780219,94.25517252005943,-1,-1,-1,-1
1,1,1619.8446135806753,568.0,32.32539845914471,98.80108115601502,-1,-1,-1,-1
1,2,517.9389255642961,560.0,21.5352877715452,74.9999547083213,-1,-1,-1,-1
1,3,519.2093217052883,559.9999999999999,20.550470334845727,73.43464003766951,-1,-1,-1,-1
2,0,275.37745335883903,591.9999999999999,21.70426324756022,116.68042576741072,-1,-1,-1,-1
2,1,1538.6242681176639,568.0,31.623120770840842,100.29917457251804,-1,-1,-1,-1
2,2,1627.1169425483422,568.0,33.42768016703576,99.35930402525094,-1,-1,-1,-1
2,3,516.193083836465,544.0,24.058360365613453,74.61650998249127,-1,-1,-1,-1
3,0,1632.2230891509098,560.0,32.421984043200155,95.33465054704584,-1,-1,-1,-1
3,1,1542.924789544788,568.0,30.824414056167825,92.2870022283065,-1,-1,-1,-1
3,2,518.5782855115585,568.0,17.463331313549702,71.33932371751348,-1,-1,-1,-1
3,3,1483.3012014603441,512.0,5.359741822276646,63.85653450230541,-1,-1,-1,-1
4,0,271.9999999999998,616.0,19.50578198059418,111.81558554237836,-1,-1,-1,-1
4,1,1642.422146376224,560.0,34.356531500173105,105.21839063049538,-1,-1,-1,-1
4,2,1551.828076932623,568.0,36.13083362027487,98.10862061031719,-1,-1,-1,-1
4,3,509.3576639819312,560.0,28.549247608379346,75.47427927934393,-1,-1,-1,-1
4,4,1493.4378891118554,512.0,8.547439790989756,65.24640500922828,-1,-1,-1,-1
5,0,258.9651355116474,616.0,33.470478977750304,104.29932647683802,-1,-1,-1,-1
5,1,1559.2257201425455,576.0,30.551431345696756,99.65664582945283,-1,-1,-1,-1
5,2,1650.751607150345,576.0,32.007877212312906,99.67162965573993,-1,-1,-1,-1
5,3,508.59535099764565,552.0,29.525577302960585,80.54973359012956,-1,-1,-1,-1
5,4,1491.0334228699726,520.0,6.2561502261255555,63.12224683928491,-1,-1,-1,-1
6,0,1566.8339944363092,592.0000000000001,23.40695423261195,107.70413296708239,-1,-1,-1,-1
6,1,1659.2744327359828,584.0,31.166079583268584,103.97136848654725,-1,-1,-1,-1
6,2,509.39519513187133,568.0,23.63086492571165,74.82093355583208,-1,-1,-1,-1
6,3,1494.0467261611066,528.0,2.4534406182110615,64.05250415025762,-1,-1,-1,-1
7,0,1576.199072898456,583.9999999999999,33.515588288600384,105.71034764669218,-1,-1,-1,-1
7,1,1674.5870484001807,584.0,14.961045838963173,108.40333521751427,-1,-1,-1,-1
7,2,1666.4609988311418,584.0,37.81291452378582,105.24614145477483,-1,-1,-1,-1
7,3,509.9910923715711,560.0,27.70481920820157,81.82551667839402,-1,-1,-1,-1
8,0,1670.3090148486988,592.0,37.059416132100296,107.00032471756708,-1,-1,-1,-1
8,1,1579.4155656136313,592.0,37.03785553871239,97.04885978147024,-1,-1,-1,-1
8,2,512.1885653516141,568.0,27.552911547400413,78.2892269145459,-1,-1,-1,-1
8,3,1501.1041058591904,536.0,4.753216018214516,59.39370447275655,-1,-1,-1,-1
9,0,1587.4210742697003,600.0,31.661154973619205,108.59913821350108,-1,-1,-1,-1
9,1,1677.066730470175,600.0,39.283915936949825,107.53855512542282,-1,-1,-1,-1
9,2,1409.46736579066,544.0000000000001,12.000171042465354,86.33576925442173,-1,-1,-1,-1
9,3,505.6281728924553,568.0,32.39065132420359,75.63024864792533,-1,-1,-1,-1
9,4,1510.4142164285884,536.0,5.6736414080453414,64.64061941547811,-1,-1,-1,-1
10,0,1588.0969319721366,616.0,39.555782192693414,105.20720035373449,-1,-1,-1,-1
10,1,1684.937682266714,616.0,38.67651606451682,108.26082314006123,-1,-1,-1,-1
10,2,1406.3192825158362,552.0,21.059919712152805,90.41339329600862,-1,-1,-1,-1
10,3,499.77630606887163,552.0,34.41813177617115,79.77776954484466,-1,-1,-1,-1
11,0,1593.5878039313984,600.0000000000001,38.741166360972784,105.63021623715838,-1,-1,-1,-1
11,1,1690.71421005381,600.0000000000001,43.00015400899974,112.13584098953481,-1,-1,-1,-1
11,2,1405.5947363997311,536.0000000000001,28.596136536264112,94.63982814790938,-1,-1,-1,-1
11,3,499.47092848494805,568.0,30.595174917249267,77.06551723487405,-1,-1,-1,-1
12,0,195.6300293011767,640.0,25.454303494432565,117.22264790682675,-1,-1,-1,-1
12,1,1700.3427399462444,608.0,41.95486547720293,109.56616605475256,-1,-1,-1,-1
12,2,1613.4158341519335,608.0,22.84895183498952,109.8370497816311,-1,-1,-1,-1
12,3,1413.831421877686,544.0000000000001,20.3402251771563,94.31153399957839,-1,-1,-1,-1
12,4,499.9031852859932,568.0,29.79190334719084,80.67484329724118,-1,-1,-1,-1
13,0,1703.473377308076,608.0,44.715588136136375,110.43833001968903,-1,-1,-1,-1
13,1,191.30851889227392,624.0,17.87257518073568,115.20171746948677,-1,-1,-1,-1
13,2,1612.9036926683475,608.0,39.93014442552271,110.01354614055617,-1,-1,-1,-1
13,3,1412.5421122434768,536.0,11.457887756523405,82.92675572525263,-1,-1,-1,-1
13,4,492.8882986763395,552.0,27.95221099645977,77.27109614571464,-1,-1,-1,-1
14,0,1621.2070305988568,600.0,37.73310323063879,117.02141026271988,-1,-1,-1,-1
14,1,1714.6118293554723,600.0,35.832047028024135,110.1719131841387,-1,-1,-1,-1
14,2,521.1727646214154,560.0,14.503407473883954,82.77863267597729,-1,-1,-1,-1
14,3,502.6761653355533,560.0,8.333048045806038,79.85475875203008,-1,-1,-1,-1
15,0,1626.0337059461663,608.0,41.180871606366054,109.99740620196712,-1,-1,-1,-1
15,1,1723.5642248157717,600.0,42.12446917359989,113.91232846392154,-1,-1,-1,-1
15,2,1423.000737773084,544.0,17.931094928934044,85.33263236336461,-1,-1,-1,-1
15,3,497.7298337745659,552.0,31.358668324378982,82.95907816486715,-1,-1,-1,-1
16,0,1635.8325304365794,608.0,39.94493756349584,114.49198360405,-1,-1,-1,-1
16,1,1731.9063815059371,608.0,41.701594547237164,111.31922587020767,-1,-1,-1,-1
16,2,498.1548193282489,552.0,16.0285175352559,81.75388639332914,-1,-1,-1,-1
17,0,1643.5093880928184,608.0,39.09842420867972,107.78969774221946,-1,-1,-1,-1
17,1,1741.7806441245334,607.9999999999999,37.2586584564026,109.8342899685274,-1,-1,-1,-1
17,2,501.9671167317095,560.0000000000001,12.868676557477272,80.20193765881095,-1,-1,-1,-1
18,0,1648.7529265183941,608.0,42.12417304379778,105.35150340417817,-1,-1,-1,-1
18,1,1749.0165085848435,607.9999999999999,36.652733597273254,113.40724682747452,-1,-1,-1,-1
18,2,1428.1222153666927,544.0,21.681214387625232,89.9985681602858,-1,-1,-1,-1
18,3,493.2046699648992,552.0000000000001,17.572571937800262,86.45784533103915,-1,-1,-1,-1
